Date,Time,MSec from start,Mission,Emergency Stop,Operating Mode,Dead mans switch,Machine Hours,GPSLat,GPSLong,GPSOrientation,Speed,x_map,y_map,object_id_1,state_object_1,x_object_1,y_object_1,loaded_slot_id_1,object_id_2,state_object_2,x_object_2,y_object_2,loaded_slot_id_2,object_id_3,state_object_3,x_object_3,y_object_3,loaded_slot_id_3,object_id_4,state_object_4,x_object_4,y_object_4,loaded_slot_id_4,object_id_5,state_object_5,x_object_5,y_object_5,loaded_slot_id_5,slot_id_1,state_slot_1,x_slot_1,y_slot_1,planned_object_id_1,slot_id_2,state_slot_2,x_slot_2,y_slot_2,planned_object_id_2,slot_id_3,state_slot_3,x_slot_3,y_slot_3,planned_object_id_3,slot_id_4,state_slot_4,x_slot_4,y_slot_4,planned_object_id_4,data_error,param_error,is_connected,c_drive,c_lift,c_shift,c_steer,c_steer_rate,c_tilt,c_drive_pos_ref,c_lift_pos_ref,c_shift_pos_ref,c_steer_pos_ref,c_tilt_pos_ref,c_drive_vel_ref,c_lift_vel_ref,c_shift_vel_ref,c_steer_vel_ref,c_tilt_vel_ref,c_shift_pos,c_drive_vel,c_steer_pos,c_steer_vel,x_rel,y_rel,z_rel,theta_rel,z_pallet,steering_pos,steering_rate,shift_pos,object_pallet_x,object_pallet_y,object_pallet_z,object_pallet_roll,object_pallet_pitch,object_pallet_yaw,object_crayler_x,object_crayler_y,object_crayler_z,object_crayler_roll,object_crayler_pitch,object_crayler_yaw,x_error,y_error,theta_error
0.0,0.0,0.0,LoadPallet,False,autonomous,False,0.0,0.0,0.0,0.0,0.0,0.0,0.0,-1,N/A,0.0,0.0,N/A,-1,N/A,0.0,0.0,N/A,-1,N/A,0.0,0.0,N/A,-1,N/A,0.0,0.0,N/A,-1,N/A,0.0,0.0,N/A,slot0,full,-6.608479964440088,0.13366449356369628,europalette_0,0,0,0,0,0,0,0,0,0,0,0,0,0,0,0,0,0,0,0.0,0.05000000074505806,0.0,0.021132247522473335,0.0,0.0,0.0,0.0,0.0,0.0,0.0,0.0,0.0,0.0,0.0,0.0,0.0,-3.3963355235755444e-05,0.0,0.0,-1.062833846891274,-0.001820986020142898,-0.015929155215483104,0.6452914138942276,0.071999999919119,-0.013276338108701324,0.00035840983201538765,-0.010988137404131359,0.0,0.0,0.0,0.0,0.0,0.0,0.0,0.0,0.0,0.0,0.0,0.0,-0.08583437651395798,-0.025183768942952156,-0.010352441109716892
0.0,0.0,0.0,LoadPallet,False,autonomous,False,0.0,0.0,0.0,0.0,0.0,0.0,0.0,-1,N/A,0.0,0.0,N/A,-1,N/A,0.0,0.0,N/A,-1,N/A,0.0,0.0,N/A,-1,N/A,0.0,0.0,N/A,-1,N/A,0.0,0.0,N/A,slot0,full,-6.608479964440088,0.13366449356369628,europalette_0,0,0,0,0,0,0,0,0,0,0,0,0,0,0,0,0,0,0,0.0,0.23495830595493317,0.0,0.0,0.0,0.19499999284744263,0.0,0.0,0.0,0.0,0.0,0.0,0.0,0.0,0.0,0.0,0.0,-3.3963355235755444e-05,0.0,0.0,-1.0628350863964862,-0.0018164843923397511,-0.01593003642116375,0.6456937894358532,0.071999999919119,-0.01326898065553106,0.0003859284476812516,-0.01098791773542413,0.0,0.0,0.0,0.0,0.0,0.0,0.0,0.0,0.0,0.0,0.0,0.0,-0.08583437651395798,-0.025183768942952156,-0.010352441109716892
0.0,0.0,0.0,LoadPallet,False,autonomous,False,0.0,0.0,0.0,0.0,0.0,0.0,0.0,-1,N/A,0.0,0.0,N/A,-1,N/A,0.0,0.0,N/A,-1,N/A,0.0,0.0,N/A,-1,N/A,0.0,0.0,N/A,-1,N/A,0.0,0.0,N/A,slot0,full,-6.608479964440088,0.13366449356369628,europalette_0,0,0,0,0,0,0,0,0,0,0,0,0,0,0,0,0,0,0,0.0,0.23495830595493317,0.0,0.0,0.0,0.19499999284744263,0.0,0.23495830595493317,0.0,0.0,0.19499999284744263,0.0,0.0,0.0,0.0,0.0,0.0,-3.3963355235755444e-05,0.0,0.0,-1.062835114691027,-0.0018163685876605717,-0.015930024534402953,0.6457041179088776,0.071999999919119,-0.013261659170092699,0.0003578843987704427,-0.010987698063252236,0.0,0.0,0.0,0.0,0.0,0.0,0.0,0.0,0.0,0.0,0.0,0.0,-0.08583437651395798,-0.025183768942952156,-0.010352441109716892
0.0,0.0,0.0,LoadPallet,False,autonomous,False,0.0,0.0,0.0,0.0,0.0,0.0,0.0,-1,N/A,0.0,0.0,N/A,-1,N/A,0.0,0.0,N/A,-1,N/A,0.0,0.0,N/A,-1,N/A,0.0,0.0,N/A,-1,N/A,0.0,0.0,N/A,slot0,full,-6.608479964440088,0.13366449356369628,europalette_0,0,0,0,0,0,0,0,0,0,0,0,0,0,0,0,0,0,0,0.0,0.23495830595493317,0.0,0.0,0.0,0.19499999284744263,0.0,0.23495830595493317,0.0,0.0,0.19499999284744263,0.0,0.0,0.0,0.0,0.0,0.0,-3.3963355235755444e-05,0.0,0.0,-1.0628367164242487,-0.001811911890017573,-0.016207007886071628,0.6461046037184701,0.071999999919119,-0.013253975811547747,0.0003496032808252604,-0.010987665405671521,0.0,0.0,0.0,0.0,0.0,0.0,0.0,0.0,0.0,0.0,0.0,0.0,-0.08583437651395798,-0.025183768942952156,-0.010352441109716892
0.0,0.0,0.0,LoadPallet,False,autonomous,False,0.0,0.0,0.0,0.0,0.0,0.0,0.0,-1,N/A,0.0,0.0,N/A,-1,N/A,0.0,0.0,N/A,-1,N/A,0.0,0.0,N/A,-1,N/A,0.0,0.0,N/A,-1,N/A,0.0,0.0,N/A,slot0,full,-6.608479964440088,0.13366449356369628,europalette_0,0,0,0,0,0,0,0,0,0,0,0,0,0,0,0,0,0,0,0.0,0.23495830595493317,0.0,0.0,0.0,0.19499999284744263,0.0,0.23495830595493317,0.0,0.0,0.19499999284744263,0.0,0.0,0.0,0.0,0.0,0.0,-3.3963355235755444e-05,0.0,0.0,-1.0628366545589536,-0.0018117158077876477,-0.016213771713768976,0.64611691654531,0.071999999919119,-0.013247605753151426,0.00030712762843085865,-0.010987657781446157,0.0,0.0,0.0,0.0,0.0,0.0,0.0,0.0,0.0,0.0,0.0,0.0,-0.08583437651395798,-0.025183768942952156,-0.010352441109716892
0.0,0.0,0.0,LoadPallet,False,autonomous,False,0.0,0.0,0.0,0.0,0.0,0.0,0.0,-1,N/A,0.0,0.0,N/A,-1,N/A,0.0,0.0,N/A,-1,N/A,0.0,0.0,N/A,-1,N/A,0.0,0.0,N/A,-1,N/A,0.0,0.0,N/A,slot0,full,-6.608479964440088,0.13366449356369628,europalette_0,0,0,0,0,0,0,0,0,0,0,0,0,0,0,0,0,0,0,0.0,0.23495830595493317,0.0,0.0,0.0,0.19499999284744263,0.0,0.23495830595493317,0.0,0.0,0.19499999284744263,0.0,0.0,0.0,0.0,0.0,0.0,-3.3963355235755444e-05,0.0,0.0,-1.062835111192383,-0.0018074047523769649,-0.01828917462506216,0.6464713335159331,0.071999999919119,-0.01324114996269099,0.00032283987716651814,-0.010987650231768287,0.0,0.0,0.0,0.0,0.0,0.0,0.0,0.0,0.0,0.0,0.0,0.0,-0.08583437651395798,-0.025183768942952156,-0.010352441109716892
0.0,0.0,0.0,LoadPallet,False,autonomous,False,0.0,0.0,0.0,0.0,0.0,0.0,0.0,-1,N/A,0.0,0.0,N/A,-1,N/A,0.0,0.0,N/A,-1,N/A,0.0,0.0,N/A,-1,N/A,0.0,0.0,N/A,-1,N/A,0.0,0.0,N/A,slot0,full,-6.608479964440088,0.13366449356369628,europalette_0,0,0,0,0,0,0,0,0,0,0,0,0,0,0,0,0,0,0,0.0,0.23495830595493317,0.0,0.0,0.0,0.19499999284744263,0.0,0.23495830595493317,0.0,0.0,0.19499999284744263,0.0,0.0,0.0,0.0,0.0,0.0,-3.3963355235755444e-05,0.0,0.0,-1.0628350450886535,-0.0018073052775047088,-0.018342406461133526,0.6464801482800908,0.071999999919119,-0.013234546335090691,0.0003199416521705767,-0.010987642369319024,0.0,0.0,0.0,0.0,0.0,0.0,0.0,0.0,0.0,0.0,0.0,0.0,-0.08583437651395798,-0.025183768942952156,-0.010352441109716892
0.0,0.0,0.0,LoadPallet,False,autonomous,False,0.0,0.0,0.0,0.0,0.0,0.0,0.0,-1,N/A,0.0,0.0,N/A,-1,N/A,0.0,0.0,N/A,-1,N/A,0.0,0.0,N/A,-1,N/A,0.0,0.0,N/A,-1,N/A,0.0,0.0,N/A,slot0,full,-6.608479964440088,0.13366449356369628,europalette_0,0,0,0,0,0,0,0,0,0,0,0,0,0,0,0,0,0,0,0.0,0.23495830595493317,0.0,0.0,0.0,0.19499999284744263,0.0,0.23495830595493317,0.0,0.0,0.19499999284744263,0.0,0.0,0.0,0.0,0.0,0.0,-3.3963355235755444e-05,0.0,0.0,-1.0628321374546141,-0.001802887966515787,-0.02315849282884147,0.6468495676765258,0.071999999919119,-0.013227400674236556,0.00034242409749183473,-0.010987680305224876,0.0,0.0,0.0,0.0,0.0,0.0,0.0,0.0,0.0,0.0,0.0,0.0,-0.08583437651395798,-0.025183768942952156,-0.010352441109716892
0.0,0.0,0.0,LoadPallet,False,autonomous,False,0.0,0.0,0.0,0.0,0.0,0.0,0.0,-1,N/A,0.0,0.0,N/A,-1,N/A,0.0,0.0,N/A,-1,N/A,0.0,0.0,N/A,-1,N/A,0.0,0.0,N/A,-1,N/A,0.0,0.0,N/A,slot0,full,-6.608479964440088,0.13366449356369628,europalette_0,0,0,0,0,0,0,0,0,0,0,0,0,0,0,0,0,0,0,0.0,0.23495830595493317,0.0,0.0,0.0,0.19499999284744263,0.0,0.23495830595493317,0.0,0.0,0.19499999284744263,0.0,0.0,0.0,0.0,0.0,0.0,-3.3963355235755444e-05,0.0,0.0,-1.06285865100309,-0.0018036747146044502,-0.02230354392574821,0.6474241817790016,0.07297766603682934,-0.013222160211879164,0.00017303189443749117,-0.010987722260940115,0.0,0.0,0.0,0.0,0.0,0.0,0.0,0.0,0.0,0.0,0.0,0.0,-0.08583437651395798,-0.025183768942952156,-0.010352441109716892
0.0,0.0,0.0,LoadPallet,False,autonomous,False,0.0,0.0,0.0,0.0,0.0,0.0,0.0,-1,N/A,0.0,0.0,N/A,-1,N/A,0.0,0.0,N/A,-1,N/A,0.0,0.0,N/A,-1,N/A,0.0,0.0,N/A,-1,N/A,0.0,0.0,N/A,slot0,full,-6.608479964440088,0.13366449356369628,europalette_0,0,0,0,0,0,0,0,0,0,0,0,0,0,0,0,0,0,0,0.0,0.23495830595493317,0.0,0.0,0.0,0.19499999284744263,0.0,0.23495830595493317,0.0,0.0,0.19499999284744263,0.0,0.0,0.0,0.0,0.0,0.0,-3.3963355235755444e-05,0.0,0.0,-1.0629158456756667,-0.0018221730653350948,-0.026133409560272214,0.6515310799697716,0.07698170398886249,-0.013218667995136713,0.0007129282336806315,-0.010987779666353831,0.0,0.0,0.0,0.0,0.0,0.0,0.0,0.0,0.0,0.0,0.0,0.0,-0.08583437651395798,-0.025183768942952156,-0.010352441109716892
0.0,0.0,0.0,LoadPallet,False,autonomous,False,0.0,0.0,0.0,0.0,0.0,0.0,0.0,-1,N/A,0.0,0.0,N/A,-1,N/A,0.0,0.0,N/A,-1,N/A,0.0,0.0,N/A,-1,N/A,0.0,0.0,N/A,-1,N/A,0.0,0.0,N/A,slot0,full,-6.608479964440088,0.13366449356369628,europalette_0,0,0,0,0,0,0,0,0,0,0,0,0,0,0,0,0,0,0,0.0,0.23495830595493317,0.0,0.0,0.0,0.19499999284744263,0.0,0.23495830595493317,0.0,0.0,0.19499999284744263,0.0,0.0,0.0,0.0,0.0,0.0,-3.3963355235755444e-05,0.0,0.0,-1.0629365738183107,-0.001848656232028123,-0.023643548566198408,0.6549096191989747,0.07967294669622578,-0.01321004658876479,0.00010154998669020437,-0.010987791719930208,0.0,0.0,0.0,0.0,0.0,0.0,0.0,0.0,0.0,0.0,0.0,0.0,-0.08583437651395798,-0.025183768942952156,-0.010352441109716892
0.0,0.0,0.0,LoadPallet,False,autonomous,False,0.0,0.0,0.0,0.0,0.0,0.0,0.0,-1,N/A,0.0,0.0,N/A,-1,N/A,0.0,0.0,N/A,-1,N/A,0.0,0.0,N/A,-1,N/A,0.0,0.0,N/A,-1,N/A,0.0,0.0,N/A,slot0,full,-6.608479964440088,0.13366449356369628,europalette_0,0,0,0,0,0,0,0,0,0,0,0,0,0,0,0,0,0,0,0.0,0.23495830595493317,0.0,0.0,0.0,0.19499999284744263,0.0,0.23495830595493317,0.0,0.0,0.19499999284744263,0.0,0.0,0.0,0.0,0.0,0.0,-3.3963355235755444e-05,0.0,0.0,-1.0630160651205793,-0.0018896375674060384,-0.02815273679843891,0.6612084342189632,0.08526443998973234,-0.013204798991453437,0.00024459648437938884,-0.010987808855342071,0.0,0.0,0.0,0.0,0.0,0.0,0.0,0.0,0.0,0.0,0.0,0.0,-0.08583437651395798,-0.025183768942952156,-0.010352441109716892
0.0,0.0,0.0,LoadPallet,False,autonomous,False,0.0,0.0,0.0,0.0,0.0,0.0,0.0,-1,N/A,0.0,0.0,N/A,-1,N/A,0.0,0.0,N/A,-1,N/A,0.0,0.0,N/A,-1,N/A,0.0,0.0,N/A,-1,N/A,0.0,0.0,N/A,slot0,full,-6.608479964440088,0.13366449356369628,europalette_0,0,0,0,0,0,0,0,0,0,0,0,0,0,0,0,0,0,0,0.0,0.23495830595493317,0.0,0.0,0.0,0.19499999284744263,0.0,0.23495830595493317,0.0,0.0,0.19499999284744263,0.0,0.0,0.0,0.0,0.0,0.0,-3.3963355235755444e-05,0.0,0.0,-1.0630201826475192,-0.0019038040133192435,-0.022792832130171276,0.6630784710060595,0.09088586023469146,-0.013203192553238985,8.108762658528948e-06,-0.010987867594366724,0.0,0.0,0.0,0.0,0.0,0.0,0.0,0.0,0.0,0.0,0.0,0.0,-0.08583437651395798,-0.025183768942952156,-0.010352441109716892
0.0,0.0,0.0,LoadPallet,False,autonomous,False,0.0,0.0,0.0,0.0,0.0,0.0,0.0,-1,N/A,0.0,0.0,N/A,-1,N/A,0.0,0.0,N/A,-1,N/A,0.0,0.0,N/A,-1,N/A,0.0,0.0,N/A,-1,N/A,0.0,0.0,N/A,slot0,full,-6.608479964440088,0.13366449356369628,europalette_0,0,0,0,0,0,0,0,0,0,0,0,0,0,0,0,0,0,0,0.0,0.23495830595493317,0.0,0.0,0.0,0.19499999284744263,0.0,0.23495830595493317,0.0,0.0,0.19499999284744263,0.0,0.0,0.0,0.0,0.0,0.0,-3.3963355235755444e-05,0.0,0.0,-1.063022514520786,-0.0019022550192850929,-0.02833408516652572,0.6632186990065918,0.09541876599596562,-0.013199070268238522,0.00023957959623891904,-0.010987935579107573,0.0,0.0,0.0,0.0,0.0,0.0,0.0,0.0,0.0,0.0,0.0,0.0,-0.08583437651395798,-0.025183768942952156,-0.010352441109716892
0.0,0.0,0.0,LoadPallet,False,autonomous,False,0.0,0.0,0.0,0.0,0.0,0.0,0.0,-1,N/A,0.0,0.0,N/A,-1,N/A,0.0,0.0,N/A,-1,N/A,0.0,0.0,N/A,-1,N/A,0.0,0.0,N/A,-1,N/A,0.0,0.0,N/A,slot0,full,-6.608479964440088,0.13366449356369628,europalette_0,0,0,0,0,0,0,0,0,0,0,0,0,0,0,0,0,0,0,0.0,0.23495830595493317,0.0,0.0,0.0,0.19499999284744263,0.0,0.23495830595493317,0.0,0.0,0.19499999284744263,0.0,0.0,0.0,0.0,0.0,0.0,-3.3963355235755444e-05,0.0,0.0,-1.0630283690404365,-0.001904756106631711,-0.02334867802261345,0.6630923581007835,0.10066635481572245,-0.013195700608452654,-2.5982026051871716e-05,-0.01098799344430071,0.0,0.0,0.0,0.0,0.0,0.0,0.0,0.0,0.0,0.0,0.0,0.0,-0.08583437651395798,-0.025183768942952156,-0.010352441109716892
0.0,0.0,0.0,LoadPallet,False,autonomous,False,0.0,0.0,0.0,0.0,0.0,0.0,0.0,-1,N/A,0.0,0.0,N/A,-1,N/A,0.0,0.0,N/A,-1,N/A,0.0,0.0,N/A,-1,N/A,0.0,0.0,N/A,-1,N/A,0.0,0.0,N/A,slot0,full,-6.608479964440088,0.13366449356369628,europalette_0,0,0,0,0,0,0,0,0,0,0,0,0,0,0,0,0,0,0,0.0,0.23495830595493317,0.0,0.0,0.0,0.19499999284744263,0.0,0.23495830595493317,0.0,0.0,0.19499999284744263,0.0,0.0,0.0,0.0,0.0,0.0,-3.3963355235755444e-05,0.0,0.0,-1.0630245883202365,-0.0019066670532192909,-0.025422487714744924,0.6630912612403108,0.10909118589923468,-0.013192872124760058,0.0002907657907505449,-0.010988017784924645,0.0,0.0,0.0,0.0,0.0,0.0,0.0,0.0,0.0,0.0,0.0,0.0,-0.08583437651395798,-0.025183768942952156,-0.010352441109716892
0.0,0.0,0.0,LoadPallet,False,autonomous,False,0.0,0.0,0.0,0.0,0.0,0.0,0.0,-1,N/A,0.0,0.0,N/A,-1,N/A,0.0,0.0,N/A,-1,N/A,0.0,0.0,N/A,-1,N/A,0.0,0.0,N/A,-1,N/A,0.0,0.0,N/A,slot0,full,-6.608479964440088,0.13366449356369628,europalette_0,0,0,0,0,0,0,0,0,0,0,0,0,0,0,0,0,0,0,0.0,0.23495830595493317,0.0,0.0,0.0,0.19499999284744263,0.0,0.23495830595493317,0.0,0.0,0.19499999284744263,0.0,0.0,0.0,0.0,0.0,0.0,-3.3963355235755444e-05,0.0,0.0,-1.0630203345248974,-0.0019094867564918017,-0.019940161531088907,0.6629683733683294,0.11484060141157909,-0.013186906973772672,0.0004390961562690626,-0.010988049710560298,0.0,0.0,0.0,0.0,0.0,0.0,0.0,0.0,0.0,0.0,0.0,0.0,-0.08583437651395798,-0.025183768942952156,-0.010352441109716892
0.0,0.0,0.0,LoadPallet,False,autonomous,False,0.0,0.0,0.0,0.0,0.0,0.0,0.0,-1,N/A,0.0,0.0,N/A,-1,N/A,0.0,0.0,N/A,-1,N/A,0.0,0.0,N/A,-1,N/A,0.0,0.0,N/A,-1,N/A,0.0,0.0,N/A,slot0,full,-6.608479964440088,0.13366449356369628,europalette_0,0,0,0,0,0,0,0,0,0,0,0,0,0,0,0,0,0,0,0.0,0.23495830595493317,0.0,0.0,0.0,0.19499999284744263,0.0,0.23495830595493317,0.0,0.0,0.19499999284744263,0.0,0.0,0.0,0.0,0.0,0.0,-3.3963355235755444e-05,0.0,0.0,-1.0630180139639922,-0.0019076747062757582,-0.025264282933816273,0.6631418226781705,0.12059050495314054,-0.013180947970735879,0.000273963449883457,-0.010988091211587777,0.0,0.0,0.0,0.0,0.0,0.0,0.0,0.0,0.0,0.0,0.0,0.0,-0.08583437651395798,-0.025183768942952156,-0.010352441109716892
0.0,0.0,0.0,LoadPallet,False,autonomous,False,0.0,0.0,0.0,0.0,0.0,0.0,0.0,-1,N/A,0.0,0.0,N/A,-1,N/A,0.0,0.0,N/A,-1,N/A,0.0,0.0,N/A,-1,N/A,0.0,0.0,N/A,-1,N/A,0.0,0.0,N/A,slot0,full,-6.608479964440088,0.13366449356369628,europalette_0,0,0,0,0,0,0,0,0,0,0,0,0,0,0,0,0,0,0,0.0,0.23495830595493317,0.0,0.0,0.0,0.19499999284744263,0.0,0.23495830595493317,0.0,0.0,0.19499999284744263,0.0,0.0,0.0,0.0,0.0,0.0,-3.3963355235755444e-05,0.0,0.0,-1.063013847817147,-0.0019101221319442196,-0.019176461645345505,0.6629996100878088,0.1269633682793055,-0.013174511640091424,0.00036242486972554145,-0.010988120702591414,0.0,0.0,0.0,0.0,0.0,0.0,0.0,0.0,0.0,0.0,0.0,0.0,-0.08583437651395798,-0.025183768942952156,-0.010352441109716892
0.0,0.0,0.0,LoadPallet,False,autonomous,False,0.0,0.0,0.0,0.0,0.0,0.0,0.0,-1,N/A,0.0,0.0,N/A,-1,N/A,0.0,0.0,N/A,-1,N/A,0.0,0.0,N/A,-1,N/A,0.0,0.0,N/A,-1,N/A,0.0,0.0,N/A,slot0,full,-6.608479964440088,0.13366449356369628,europalette_0,0,0,0,0,0,0,0,0,0,0,0,0,0,0,0,0,0,0,0.0,0.23495830595493317,0.0,0.0,0.0,0.19499999284744263,0.0,0.23495830595493317,0.0,0.0,0.19499999284744263,0.0,0.0,0.0,0.0,0.0,0.0,-3.3963355235755444e-05,0.0,0.0,-1.0630107239684694,-0.0019084802298707099,-0.024724034952151308,0.663187748870854,0.13355690805813045,-0.013170107094411243,0.0001317246703512625,-0.01098812891006931,0.0,0.0,0.0,0.0,0.0,0.0,0.0,0.0,0.0,0.0,0.0,0.0,-0.08583437651395798,-0.025183768942952156,-0.010352441109716892
0.0,0.0,0.0,LoadPallet,False,autonomous,False,0.0,0.0,0.0,0.0,0.0,0.0,0.0,-1,N/A,0.0,0.0,N/A,-1,N/A,0.0,0.0,N/A,-1,N/A,0.0,0.0,N/A,-1,N/A,0.0,0.0,N/A,-1,N/A,0.0,0.0,N/A,slot0,full,-6.608479964440088,0.13366449356369628,europalette_0,0,0,0,0,0,0,0,0,0,0,0,0,0,0,0,0,0,0,0.0,0.23495830595493317,0.0,0.0,0.0,0.19499999284744263,0.0,0.23495830595493317,0.0,0.0,0.19499999284744263,0.0,0.0,0.0,0.0,0.0,0.0,-3.3963355235755444e-05,0.0,0.0,-1.0630058209984865,-0.00191044116879803,-0.018374292085016064,0.6630722164745464,0.14021778826880685,-0.013166445789388526,0.00025942094923640064,-0.010988148824608546,0.0,0.0,0.0,0.0,0.0,0.0,0.0,0.0,0.0,0.0,0.0,0.0,-0.08583437651395798,-0.025183768942952156,-0.010352441109716892
0.0,0.0,0.0,LoadPallet,False,autonomous,False,0.0,0.0,0.0,0.0,0.0,0.0,0.0,-1,N/A,0.0,0.0,N/A,-1,N/A,0.0,0.0,N/A,-1,N/A,0.0,0.0,N/A,-1,N/A,0.0,0.0,N/A,-1,N/A,0.0,0.0,N/A,slot0,full,-6.608479964440088,0.13366449356369628,europalette_0,0,0,0,0,0,0,0,0,0,0,0,0,0,0,0,0,0,0,0.0,0.23495830595493317,0.0,0.0,0.0,0.19499999284744263,0.0,0.23495830595493317,0.0,0.0,0.19499999284744263,0.0,0.0,0.0,0.0,0.0,0.0,-3.3963355235755444e-05,0.0,0.0,-1.0630031688206705,-0.0019100054668666488,-0.024495571543234618,0.6632223341382826,0.14720916191391098,-0.01316186709475442,0.0003306875537195277,-0.010988151954290884,0.0,0.0,0.0,0.0,0.0,0.0,0.0,0.0,0.0,0.0,0.0,0.0,-0.08583437651395798,-0.025183768942952156,-0.010352441109716892
0.0,0.0,0.0,LoadPallet,False,autonomous,False,0.0,0.0,0.0,0.0,0.0,0.0,0.0,-1,N/A,0.0,0.0,N/A,-1,N/A,0.0,0.0,N/A,-1,N/A,0.0,0.0,N/A,-1,N/A,0.0,0.0,N/A,-1,N/A,0.0,0.0,N/A,slot0,full,-6.608479964440088,0.13366449356369628,europalette_0,0,0,0,0,0,0,0,0,0,0,0,0,0,0,0,0,0,0,0.0,0.23495830595493317,0.0,0.0,0.0,0.19499999284744263,0.0,0.23495830595493317,0.0,0.0,0.19499999284744263,0.0,0.0,0.0,0.0,0.0,0.0,-3.3963355235755444e-05,0.0,0.0,-1.0630003181643364,-0.0019113714358627854,-0.021544564666513444,0.6631923241546929,0.1504930368911581,-0.013155759219618979,7.48753609388218e-05,-0.01098817490405503,0.0,0.0,0.0,0.0,0.0,0.0,0.0,0.0,0.0,0.0,0.0,0.0,-0.08583437651395798,-0.025183768942952156,-0.010352441109716892
0.0,0.0,0.0,LoadPallet,False,autonomous,False,0.0,0.0,0.0,0.0,0.0,0.0,0.0,-1,N/A,0.0,0.0,N/A,-1,N/A,0.0,0.0,N/A,-1,N/A,0.0,0.0,N/A,-1,N/A,0.0,0.0,N/A,-1,N/A,0.0,0.0,N/A,slot0,full,-6.608479964440088,0.13366449356369628,europalette_0,0,0,0,0,0,0,0,0,0,0,0,0,0,0,0,0,0,0,0.0,0.23495830595493317,0.0,0.0,0.0,0.19499999284744263,0.0,0.23495830595493317,0.0,0.0,0.19499999284744263,0.0,0.0,0.0,0.0,0.0,0.0,-3.3963355235755444e-05,0.0,0.0,-1.0630000476230563,-0.0019094102033706262,-0.028033661935814302,0.6633548784033394,0.15706230909630783,-0.013148614827001026,0.0003649367301261639,-0.010988171979943258,0.0,0.0,0.0,0.0,0.0,0.0,0.0,0.0,0.0,0.0,0.0,0.0,-0.08583437651395798,-0.025183768942952156,-0.010352441109716892
0.0,0.0,0.0,LoadPallet,False,autonomous,False,0.0,0.0,0.0,0.0,0.0,0.0,0.0,-1,N/A,0.0,0.0,N/A,-1,N/A,0.0,0.0,N/A,-1,N/A,0.0,0.0,N/A,-1,N/A,0.0,0.0,N/A,-1,N/A,0.0,0.0,N/A,slot0,full,-6.608479964440088,0.13366449356369628,europalette_0,0,0,0,0,0,0,0,0,0,0,0,0,0,0,0,0,0,0,0.0,0.23495830595493317,0.0,0.0,0.0,0.19499999284744263,0.0,0.23495830595493317,0.0,0.0,0.19499999284744263,0.0,0.0,0.0,0.0,0.0,0.0,-3.3963355235755444e-05,0.0,0.0,-1.062995970160098,-0.0019128388560953474,-0.02164815773991191,0.6631749361725099,0.1637824537257518,-0.013139910071369165,0.0003995969160363002,-0.010988174521622655,0.0,0.0,0.0,0.0,0.0,0.0,0.0,0.0,0.0,0.0,0.0,0.0,-0.08583437651395798,-0.025183768942952156,-0.010352441109716892
0.0,0.0,0.0,LoadPallet,False,autonomous,False,0.0,0.0,0.0,0.0,0.0,0.0,0.0,-1,N/A,0.0,0.0,N/A,-1,N/A,0.0,0.0,N/A,-1,N/A,0.0,0.0,N/A,-1,N/A,0.0,0.0,N/A,-1,N/A,0.0,0.0,N/A,slot0,full,-6.608479964440088,0.13366449356369628,europalette_0,0,0,0,0,0,0,0,0,0,0,0,0,0,0,0,0,0,0,0.0,0.23495830595493317,0.0,0.0,0.0,0.19499999284744263,0.0,0.23495830595493317,0.0,0.0,0.19499999284744263,0.0,0.0,0.0,0.0,0.0,0.0,-3.3963355235755444e-05,0.0,0.0,-1.0629920907204458,-0.001911392835365941,-0.024832987131795686,0.6633517473446773,0.17364783470484751,-0.013132699237964118,0.0003292932399380704,-0.010988192109730562,0.0,0.0,0.0,0.0,0.0,0.0,0.0,0.0,0.0,0.0,0.0,0.0,-0.08583437651395798,-0.025183768942952156,-0.010352441109716892
0.0,0.0,0.0,LoadPallet,False,autonomous,False,0.0,0.0,0.0,0.0,0.0,0.0,0.0,-1,N/A,0.0,0.0,N/A,-1,N/A,0.0,0.0,N/A,-1,N/A,0.0,0.0,N/A,-1,N/A,0.0,0.0,N/A,-1,N/A,0.0,0.0,N/A,slot0,full,-6.608479964440088,0.13366449356369628,europalette_0,0,0,0,0,0,0,0,0,0,0,0,0,0,0,0,0,0,0,0.0,0.23495830595493317,0.0,0.0,0.0,0.19499999284744263,0.0,0.23495830595493317,0.0,0.0,0.19499999284744263,0.0,0.0,0.0,0.0,0.0,0.0,-3.3963355235755444e-05,0.0,0.0,-1.062990283596756,-0.0019174463464194103,-0.018709146924370368,0.6630329613486765,0.18011007282397226,-0.013124103842809376,0.0005986384295705801,-0.010988187902001248,0.0,0.0,0.0,0.0,0.0,0.0,0.0,0.0,0.0,0.0,0.0,0.0,-0.08583437651395798,-0.025183768942952156,-0.010352441109716892
0.0,0.0,0.0,LoadPallet,False,autonomous,False,0.0,0.0,0.0,0.0,0.0,0.0,0.0,-1,N/A,0.0,0.0,N/A,-1,N/A,0.0,0.0,N/A,-1,N/A,0.0,0.0,N/A,-1,N/A,0.0,0.0,N/A,-1,N/A,0.0,0.0,N/A,slot0,full,-6.608479964440088,0.13366449356369628,europalette_0,0,0,0,0,0,0,0,0,0,0,0,0,0,0,0,0,0,0,0.0,0.23495830595493317,0.0,0.0,0.0,0.19499999284744263,0.0,0.23495830595493317,0.0,0.0,0.19499999284744263,0.0,0.0,0.0,0.0,0.0,0.0,-3.3963355235755444e-05,0.0,0.0,-1.0629877807087542,-0.0019163713018191253,-0.02460601718682559,0.6631604829607909,0.18682346259755336,-0.01311645797015526,0.000581849475299211,-0.010988188912595516,0.0,0.0,0.0,0.0,0.0,0.0,0.0,0.0,0.0,0.0,0.0,0.0,-0.08583437651395798,-0.025183768942952156,-0.010352441109716892
0.0,0.0,0.0,LoadPallet,False,autonomous,False,0.0,0.0,0.0,0.0,0.0,0.0,0.0,-1,N/A,0.0,0.0,N/A,-1,N/A,0.0,0.0,N/A,-1,N/A,0.0,0.0,N/A,-1,N/A,0.0,0.0,N/A,-1,N/A,0.0,0.0,N/A,slot0,full,-6.608479964440088,0.13366449356369628,europalette_0,0,0,0,0,0,0,0,0,0,0,0,0,0,0,0,0,0,0,0.0,0.23495830595493317,0.0,0.0,0.0,0.19499999284744263,0.0,0.23495830595493317,0.0,0.0,0.19499999284744263,0.0,0.0,0.0,0.0,0.0,0.0,-3.3963355235755444e-05,0.0,0.0,-1.0629826577493633,-0.0019188249417450703,-0.017994698748707016,0.6629344295837711,0.19375650813733142,-0.013106651576813455,0.00044964612663018415,-0.01098819502696057,0.0,0.0,0.0,0.0,0.0,0.0,0.0,0.0,0.0,0.0,0.0,0.0,-0.08583437651395798,-0.025183768942952156,-0.010352441109716892
0.0,0.0,0.0,LoadPallet,False,autonomous,False,0.0,0.0,0.0,0.0,0.0,0.0,0.0,-1,N/A,0.0,0.0,N/A,-1,N/A,0.0,0.0,N/A,-1,N/A,0.0,0.0,N/A,-1,N/A,0.0,0.0,N/A,-1,N/A,0.0,0.0,N/A,slot0,full,-6.608479964440088,0.13366449356369628,europalette_0,0,0,0,0,0,0,0,0,0,0,0,0,0,0,0,0,0,0,0.0,0.23495830595493317,0.0,0.0,0.0,0.19499999284744263,0.0,0.23495830595493317,0.0,0.0,0.19499999284744263,0.0,0.0,0.0,0.0,0.0,0.0,-3.3963355235755444e-05,0.0,0.0,-1.0629779974093312,-0.001915974297188358,-0.02473743950293461,0.6633198819359052,0.20037965438871783,-0.013098465963539141,0.00014079224050508792,-0.01098819953444543,0.0,0.0,0.0,0.0,0.0,0.0,0.0,0.0,0.0,0.0,0.0,0.0,-0.08583437651395798,-0.025183768942952156,-0.010352441109716892
0.0,0.0,0.0,LoadPallet,False,autonomous,False,0.0,0.0,0.0,0.0,0.0,0.0,0.0,-1,N/A,0.0,0.0,N/A,-1,N/A,0.0,0.0,N/A,-1,N/A,0.0,0.0,N/A,-1,N/A,0.0,0.0,N/A,-1,N/A,0.0,0.0,N/A,slot0,full,-6.608479964440088,0.13366449356369628,europalette_0,0,0,0,0,0,0,0,0,0,0,0,0,0,0,0,0,0,0,0.0,0.23495830595493317,0.0,0.0,0.0,0.19499999284744263,0.0,0.23495830595493317,0.0,0.0,0.19499999284744263,0.0,0.0,0.0,0.0,0.0,0.0,-3.3963355235755444e-05,0.0,0.0,-1.0629720802685183,-0.0019225019376660352,-0.018883191318155357,0.6629655475281879,0.20658006808268273,-0.013091943647913773,0.0006158096290738468,-0.010988191448978267,0.0,0.0,0.0,0.0,0.0,0.0,0.0,0.0,0.0,0.0,0.0,0.0,-0.08583437651395798,-0.025183768942952156,-0.010352441109716892
0.0,0.0,0.0,LoadPallet,False,autonomous,False,0.0,0.0,0.0,0.0,0.0,0.0,0.0,-1,N/A,0.0,0.0,N/A,-1,N/A,0.0,0.0,N/A,-1,N/A,0.0,0.0,N/A,-1,N/A,0.0,0.0,N/A,-1,N/A,0.0,0.0,N/A,slot0,full,-6.608479964440088,0.13366449356369628,europalette_0,0,0,0,0,0,0,0,0,0,0,0,0,0,0,0,0,0,0,0.6000000238418579,0.0,0.0,0.0,0.0,0.0,0.0,0.23495830595493317,0.0,0.0,0.19499999284744263,0.0,0.0,0.0,0.0,0.0,0.0,-3.3963355235755444e-05,0.0,0.0,-1.062987162978187,-0.0019202751353129405,-0.027303270737052077,0.6631795945192778,0.20845119038697288,-0.013083525874295177,0.00048245814872810476,-0.010988198362396047,0.0,0.0,0.0,0.0,0.0,0.0,0.0,0.0,0.0,0.0,0.0,0.0,-0.08583437651395798,-0.025183768942952156,-0.010352441109716892
0.0,0.0,0.0,LoadPallet,False,autonomous,False,0.0,0.0,0.0,0.0,0.0,0.0,0.0,-1,N/A,0.0,0.0,N/A,-1,N/A,0.0,0.0,N/A,-1,N/A,0.0,0.0,N/A,-1,N/A,0.0,0.0,N/A,-1,N/A,0.0,0.0,N/A,slot0,full,-6.608479964440088,0.13366449356369628,europalette_0,0,0,0,0,0,0,0,0,0,0,0,0,0,0,0,0,0,0,0.6000000238418579,0.0,0.0,0.0,0.0,0.0,0.0,0.0,0.0,0.0,0.0,0.6000000238418579,0.0,0.0,0.0,0.0,0.0,-0.0009017152478918433,-0.01307818852365017,0.0,-1.0629199642528357,-0.0019275316127665004,-0.026762212198253643,0.6627781158904611,0.2092534349732555,-0.013078188872328589,0.0004698343007322049,-0.010988033173516234,0.0,0.0,0.0,0.0,0.0,0.0,0.0,0.0,0.0,0.0,0.0,0.0,-0.08583437651395798,-0.025183768942952156,-0.010352441109716892
0.0,0.0,0.0,LoadPallet,False,autonomous,False,0.0,0.0,0.0,0.0,0.0,0.0,0.0,-1,N/A,0.0,0.0,N/A,-1,N/A,0.0,0.0,N/A,-1,N/A,0.0,0.0,N/A,-1,N/A,0.0,0.0,N/A,-1,N/A,0.0,0.0,N/A,slot0,full,-6.608479964440088,0.13366449356369628,europalette_0,0,0,0,0,0,0,0,0,0,0,0,0,0,0,0,0,0,0,0.6000000238418579,0.0,0.0,0.0,0.0,0.0,0.0,0.0,0.0,0.0,0.0,0.6000000238418579,0.0,0.0,0.0,0.0,0.0,0.06065371260046959,-0.013037706725299358,0.0,-1.0626315723745225,-0.0019247003938977492,-0.02913194455420326,0.6633688458070708,0.20735296528364838,-0.013037706262820414,0.0038624139588535845,-0.010987745317277038,0.0,0.0,0.0,0.0,0.0,0.0,0.0,0.0,0.0,0.0,0.0,0.0,-0.08583437651395798,-0.025183768942952156,-0.010352441109716892
0.0,0.0,0.0,LoadPallet,False,autonomous,False,0.0,0.0,0.0,0.0,0.0,0.0,0.0,-1,N/A,0.0,0.0,N/A,-1,N/A,0.0,0.0,N/A,-1,N/A,0.0,0.0,N/A,-1,N/A,0.0,0.0,N/A,-1,N/A,0.0,0.0,N/A,slot0,full,-6.608479964440088,0.13366449356369628,europalette_0,0,0,0,0,0,0,0,0,0,0,0,0,0,0,0,0,0,0,0.6000000238418579,0.0,0.0,0.0,0.0,0.0,0.0,0.0,0.0,0.0,0.0,0.6000000238418579,0.0,0.0,0.0,0.0,0.0,0.36409714818000793,-0.013011328876018524,0.0,-1.065948082590407,-0.0019670710745907094,-0.029152777109894612,0.6599607059145285,0.20737498204008636,-0.013011328433584879,-0.0025696409596543098,-0.010987405956299748,0.0,0.0,0.0,0.0,0.0,0.0,0.0,0.0,0.0,0.0,0.0,0.0,-0.08583437651395798,-0.025183768942952156,-0.010352441109716892
0.0,0.0,0.0,LoadPallet,False,autonomous,False,0.0,0.0,0.0,0.0,0.0,0.0,0.0,-1,N/A,0.0,0.0,N/A,-1,N/A,0.0,0.0,N/A,-1,N/A,0.0,0.0,N/A,-1,N/A,0.0,0.0,N/A,-1,N/A,0.0,0.0,N/A,slot0,full,-6.608479964440088,0.13366449356369628,europalette_0,0,0,0,0,0,0,0,0,0,0,0,0,0,0,0,0,0,0,0.6000000238418579,0.0,0.0,0.0,0.0,0.0,0.0,0.0,0.0,0.0,0.0,0.6000000238418579,0.0,0.0,0.0,0.0,0.0,0.37134110927581787,-0.013009038753807545,0.0,-1.0650478538846828,-0.0019434961120182864,-0.0291300280193888,0.6619732750646108,0.20738146672700394,-0.013009038509999016,0.001088983503329011,-0.01098712129104974,0.0,0.0,0.0,0.0,0.0,0.0,0.0,0.0,0.0,0.0,0.0,0.0,-0.08583437651395798,-0.025183768942952156,-0.010352441109716892
0.0,0.0,0.0,LoadPallet,False,autonomous,False,0.0,0.0,0.0,0.0,0.0,0.0,0.0,-1,N/A,0.0,0.0,N/A,-1,N/A,0.0,0.0,N/A,-1,N/A,0.0,0.0,N/A,-1,N/A,0.0,0.0,N/A,-1,N/A,0.0,0.0,N/A,slot0,full,-6.608479964440088,0.13366449356369628,europalette_0,0,0,0,0,0,0,0,0,0,0,0,0,0,0,0,0,0,0,0.6000000238418579,0.0,0.0,0.0,0.0,0.0,0.0,0.0,0.0,0.0,0.0,0.6000000238418579,0.0,0.0,0.0,0.0,0.0,0.24898117780685425,-0.013018217869102955,0.0,-1.0698914996237212,-0.0019748411191539,-0.029185120942731235,0.6594486520140492,0.20738321700993623,-0.013018218267783155,0.0001326391906661989,-0.01098684806433394,0.0,0.0,0.0,0.0,0.0,0.0,0.0,0.0,0.0,0.0,0.0,0.0,-0.08583437651395798,-0.025183768942952156,-0.010352441109716892
0.0,0.0,0.0,LoadPallet,False,autonomous,False,0.0,0.0,0.0,0.0,0.0,0.0,0.0,-1,N/A,0.0,0.0,N/A,-1,N/A,0.0,0.0,N/A,-1,N/A,0.0,0.0,N/A,-1,N/A,0.0,0.0,N/A,-1,N/A,0.0,0.0,N/A,slot0,full,-6.608479964440088,0.13366449356369628,europalette_0,0,0,0,0,0,0,0,0,0,0,0,0,0,0,0,0,0,0,0.6000000238418579,0.0,0.0,0.0,0.0,0.0,0.0,0.0,0.0,0.0,0.0,0.6000000238418579,0.0,0.0,0.0,0.0,0.0,0.5507282018661499,-0.013040760532021523,0.0,-1.066648413908431,-0.0019601329719376864,-0.029151368022438173,0.6615457834723202,0.20738001818537039,-0.01304076085830097,-0.005079359504262736,-0.01098657868056667,0.0,0.0,0.0,0.0,0.0,0.0,0.0,0.0,0.0,0.0,0.0,0.0,-0.08583437651395798,-0.025183768942952156,-0.010352441109716892
0.0,0.0,0.0,LoadPallet,False,autonomous,False,0.0,0.0,0.0,0.0,0.0,0.0,0.0,-1,N/A,0.0,0.0,N/A,-1,N/A,0.0,0.0,N/A,-1,N/A,0.0,0.0,N/A,-1,N/A,0.0,0.0,N/A,-1,N/A,0.0,0.0,N/A,slot0,full,-6.608479964440088,0.13366449356369628,europalette_0,0,0,0,0,0,0,0,0,0,0,0,0,0,0,0,0,0,0,0.6000000238418579,0.0,0.0,0.0,0.0,0.0,0.0,0.0,0.0,0.0,0.0,0.6000000238418579,0.0,0.0,0.0,0.0,0.0,0.5565951466560364,-0.013081775978207588,0.0,-1.073830895237439,-0.0019904773865473124,-0.029230532471115955,0.6589817965218003,0.20738332315745786,-0.013081776341607565,-0.0027087265297966834,-0.010986313260304028,0.0,0.0,0.0,0.0,0.0,0.0,0.0,0.0,0.0,0.0,0.0,0.0,-0.08583437651395798,-0.025183768942952156,-0.010352441109716892
0.0,0.0,0.0,LoadPallet,False,autonomous,False,0.0,0.0,0.0,0.0,0.0,0.0,0.0,-1,N/A,0.0,0.0,N/A,-1,N/A,0.0,0.0,N/A,-1,N/A,0.0,0.0,N/A,-1,N/A,0.0,0.0,N/A,-1,N/A,0.0,0.0,N/A,slot0,full,-6.608479964440088,0.13366449356369628,europalette_0,0,0,0,0,0,0,0,0,0,0,0,0,0,0,0,0,0,0,0.6000000238418579,0.0,0.0,0.0,0.0,0.0,0.0,0.0,0.0,0.0,0.0,0.6000000238418579,0.0,0.0,0.0,0.0,0.0,0.4340279996395111,-0.013136613182723522,0.0,-1.0637217345477952,-0.0019309225551056436,-0.02912645464534014,0.6632316219526047,0.20738146932421928,-0.013136613107035622,-0.0001777854068286109,-0.01098604488214242,0.0,0.0,0.0,0.0,0.0,0.0,0.0,0.0,0.0,0.0,0.0,0.0,-0.08583437651395798,-0.025183768942952156,-0.010352441109716892
0.0,0.0,0.0,LoadPallet,False,autonomous,False,0.0,0.0,0.0,0.0,0.0,0.0,0.0,-1,N/A,0.0,0.0,N/A,-1,N/A,0.0,0.0,N/A,-1,N/A,0.0,0.0,N/A,-1,N/A,0.0,0.0,N/A,-1,N/A,0.0,0.0,N/A,slot0,full,-6.608479964440088,0.13366449356369628,europalette_0,0,0,0,0,0,0,0,0,0,0,0,0,0,0,0,0,0,0,0.6000000238418579,0.0,0.0,0.0,0.0,0.0,0.0,0.0,0.0,0.0,0.0,0.6000000238418579,0.0,0.0,0.0,0.0,0.0,0.7353922128677368,-0.013206320814788342,0.0,-1.0726048953706266,-0.0019670998584812305,-0.0292234712862649,0.6603329668353979,0.2073862461491074,-0.013206320674576055,-0.00783293495009737,-0.010985766432492975,0.0,0.0,0.0,0.0,0.0,0.0,0.0,0.0,0.0,0.0,0.0,0.0,-0.08583437651395798,-0.025183768942952156,-0.010352441109716892
0.0,0.0,0.0,LoadPallet,False,autonomous,False,0.0,0.0,0.0,0.0,0.0,0.0,0.0,-1,N/A,0.0,0.0,N/A,-1,N/A,0.0,0.0,N/A,-1,N/A,0.0,0.0,N/A,-1,N/A,0.0,0.0,N/A,-1,N/A,0.0,0.0,N/A,slot0,full,-6.608479964440088,0.13366449356369628,europalette_0,0,0,0,0,0,0,0,0,0,0,0,0,0,0,0,0,0,0,0.6000000238418579,0.0,0.0,0.0,0.0,0.0,0.0,0.0,0.0,0.0,0.0,0.6000000238418579,0.0,0.0,0.0,0.0,0.0,0.27871978282928467,-0.013213122263550758,0.0,-1.0636339233067318,-0.00193353756210142,-0.02914183719750535,0.6628610470853005,0.20737359716202083,-0.013213122626744678,0.007918847531977729,-0.010985470597814916,0.0,0.0,0.0,0.0,0.0,0.0,0.0,0.0,0.0,0.0,0.0,0.0,-0.08583437651395798,-0.025183768942952156,-0.010352441109716892
0.0,0.0,0.0,LoadPallet,False,autonomous,False,0.0,0.0,0.0,0.0,0.0,0.0,0.0,-1,N/A,0.0,0.0,N/A,-1,N/A,0.0,0.0,N/A,-1,N/A,0.0,0.0,N/A,-1,N/A,0.0,0.0,N/A,-1,N/A,0.0,0.0,N/A,slot0,full,-6.608479964440088,0.13366449356369628,europalette_0,0,0,0,0,0,0,0,0,0,0,0,0,0,0,0,0,0,0,0.6000000238418579,0.0,0.0,0.0,0.0,0.0,0.0,0.0,0.0,0.0,0.0,0.6000000238418579,0.0,0.0,0.0,0.0,0.0,0.46079838275909424,-0.013052830472588539,0.0,-1.0719625699976465,-0.0020428242018934867,-0.02922207583271197,0.6546454843262097,0.2073862463667182,-0.01305283009296243,0.004596181015337783,-0.010985202111317347,0.0,0.0,0.0,0.0,0.0,0.0,0.0,0.0,0.0,0.0,0.0,0.0,-0.08583437651395798,-0.025183768942952156,-0.010352441109716892
0.0,0.0,0.0,LoadPallet,False,autonomous,False,0.0,0.0,0.0,0.0,0.0,0.0,0.0,-1,N/A,0.0,0.0,N/A,-1,N/A,0.0,0.0,N/A,-1,N/A,0.0,0.0,N/A,-1,N/A,0.0,0.0,N/A,-1,N/A,0.0,0.0,N/A,slot0,full,-6.608479964440088,0.13366449356369628,europalette_0,0,0,0,0,0,0,0,0,0,0,0,0,0,0,0,0,0,0,0.6000000238418579,0.0,0.0,0.0,0.0,0.0,0.0,0.0,0.0,0.0,0.0,0.6000000238418579,0.0,0.0,0.0,0.0,0.0,0.5224194526672363,-0.012982446700334549,0.0,-1.0694550191199257,-0.001986006019998904,-0.02918207359613395,0.6598331884334527,0.2073864570691837,-0.012982447007916065,0.0006003382548890671,-0.01098492132581002,0.0,0.0,0.0,0.0,0.0,0.0,0.0,0.0,0.0,0.0,0.0,0.0,-0.08583437651395798,-0.025183768942952156,-0.010352441109716892
0.0,0.0,0.0,LoadPallet,False,autonomous,False,0.0,0.0,0.0,0.0,0.0,0.0,0.0,-1,N/A,0.0,0.0,N/A,-1,N/A,0.0,0.0,N/A,-1,N/A,0.0,0.0,N/A,-1,N/A,0.0,0.0,N/A,-1,N/A,0.0,0.0,N/A,slot0,full,-6.608479964440088,0.13366449356369628,europalette_0,0,0,0,0,0,0,0,0,0,0,0,0,0,0,0,0,0,0,0.6000000238418579,0.0,0.0,0.0,0.0,0.0,0.0,0.0,0.0,0.0,0.0,0.6000000238418579,0.0,0.0,0.0,0.0,0.0,0.5838290452957153,-0.012972508557140827,0.0,-1.0804372550371175,-0.0020329402390417417,-0.029313110935177356,0.6556921263516813,0.2073821629037452,-0.0129725088916528,-0.0015519100654327414,-0.010984634740698296,0.0,0.0,0.0,0.0,0.0,0.0,0.0,0.0,0.0,0.0,0.0,0.0,-0.08583437651395798,-0.025183768942952156,-0.010352441109716892
0.0,0.0,0.0,LoadPallet,False,autonomous,False,0.0,0.0,0.0,0.0,0.0,0.0,0.0,-1,N/A,0.0,0.0,N/A,-1,N/A,0.0,0.0,N/A,-1,N/A,0.0,0.0,N/A,-1,N/A,0.0,0.0,N/A,-1,N/A,0.0,0.0,N/A,slot0,full,-6.608479964440088,0.13366449356369628,europalette_0,0,0,0,0,0,0,0,0,0,0,0,0,0,0,0,0,0,0,0.6000000238418579,0.0,0.0,0.0,0.0,0.0,0.0,0.0,0.0,0.0,0.0,0.6000000238418579,0.0,0.0,0.0,0.0,0.0,0.5681951642036438,-0.012977278791368008,0.0,-1.069750691903967,-0.001982173655349362,-0.029197120670919396,0.6600099345108106,0.2073846124448363,-0.01297727905072854,0.0005176054721951632,-0.010984329919203319,0.0,0.0,0.0,0.0,0.0,0.0,0.0,0.0,0.0,0.0,0.0,0.0,-0.08583437651395798,-0.025183768942952156,-0.010352441109716892
0.0,0.0,0.0,LoadPallet,False,autonomous,False,0.0,0.0,0.0,0.0,0.0,0.0,0.0,-1,N/A,0.0,0.0,N/A,-1,N/A,0.0,0.0,N/A,-1,N/A,0.0,0.0,N/A,-1,N/A,0.0,0.0,N/A,-1,N/A,0.0,0.0,N/A,slot0,full,-6.608479964440088,0.13366449356369628,europalette_0,0,0,0,0,0,0,0,0,0,0,0,0,0,0,0,0,0,0,0.6000000238418579,0.0,0.0,0.0,0.0,0.0,0.0,0.0,0.0,0.0,0.0,0.6000000238418579,0.0,0.0,0.0,0.0,0.0,0.5524239540100098,-0.01294960267841816,0.0,-1.0805015106325735,-0.002054195299958636,-0.029314220981096484,0.6542103628732434,0.2073906213166228,-0.01294960225718178,0.0016614282657727917,-0.010984028033518936,0.0,0.0,0.0,0.0,0.0,0.0,0.0,0.0,0.0,0.0,0.0,0.0,-0.08583437651395798,-0.025183768942952156,-0.010352441109716892
0.0,0.0,0.0,LoadPallet,False,autonomous,False,0.0,0.0,0.0,0.0,0.0,0.0,0.0,-1,N/A,0.0,0.0,N/A,-1,N/A,0.0,0.0,N/A,-1,N/A,0.0,0.0,N/A,-1,N/A,0.0,0.0,N/A,-1,N/A,0.0,0.0,N/A,slot0,full,-6.608479964440088,0.13366449356369628,europalette_0,0,0,0,0,0,0,0,0,0,0,0,0,0,0,0,0,0,0,0.6000000238418579,0.0,0.0,0.0,0.0,0.0,0.0,0.0,0.0,0.0,0.0,0.6000000238418579,0.0,0.0,0.0,0.0,0.0,0.6138179898262024,-0.012920881621539593,0.0,-1.0703450021215426,-0.0019866111457810948,-0.029196408100243987,0.6600417197267348,0.2073853261684825,-0.01292088179858819,-0.0009043680243414785,-0.010983743310879963,0.0,0.0,0.0,0.0,0.0,0.0,0.0,0.0,0.0,0.0,0.0,0.0,-0.08583437651395798,-0.025183768942952156,-0.010352441109716892
0.0,0.0,0.0,LoadPallet,False,autonomous,False,0.0,0.0,0.0,0.0,0.0,0.0,0.0,-1,N/A,0.0,0.0,N/A,-1,N/A,0.0,0.0,N/A,-1,N/A,0.0,0.0,N/A,-1,N/A,0.0,0.0,N/A,-1,N/A,0.0,0.0,N/A,slot0,full,-6.608479964440088,0.13366449356369628,europalette_0,0,0,0,0,0,0,0,0,0,0,0,0,0,0,0,0,0,0,0.6000000238418579,0.0,0.0,0.0,0.0,0.0,0.0,0.0,0.0,0.0,0.0,0.6000000238418579,0.0,0.0,0.0,0.0,0.0,0.598694920539856,-0.012917628511786461,0.0,-1.0816652838272445,-0.0020498533089454846,-0.029325028216413362,0.6547920996879668,0.2073882774452791,-0.012917628149184956,0.0003663187023136951,-0.010983447544337877,0.0,0.0,0.0,0.0,0.0,0.0,0.0,0.0,0.0,0.0,0.0,0.0,-0.08583437651395798,-0.025183768942952156,-0.010352441109716892
0.0,0.0,0.0,LoadPallet,False,autonomous,False,0.0,0.0,0.0,0.0,0.0,0.0,0.0,-1,N/A,0.0,0.0,N/A,-1,N/A,0.0,0.0,N/A,-1,N/A,0.0,0.0,N/A,-1,N/A,0.0,0.0,N/A,-1,N/A,0.0,0.0,N/A,slot0,full,-6.608479964440088,0.13366449356369628,europalette_0,0,0,0,0,0,0,0,0,0,0,0,0,0,0,0,0,0,0,0.6000000238418579,0.0,0.0,0.0,0.0,0.0,0.0,0.0,0.0,0.0,0.0,0.6000000238418579,0.0,0.0,0.0,0.0,0.0,0.5824588537216187,-0.012893743813037872,0.0,-1.064169805385685,-0.0019536926509842734,-0.02913246168617689,0.6627299344953599,0.20738822565515624,-0.012893743443615158,0.0017440134612739656,-0.010983170620292835,0.0,0.0,0.0,0.0,0.0,0.0,0.0,0.0,0.0,0.0,0.0,0.0,-0.08583437651395798,-0.025183768942952156,-0.010352441109716892
0.0,0.0,0.0,LoadPallet,False,autonomous,False,0.0,0.0,0.0,0.0,0.0,0.0,0.0,-1,N/A,0.0,0.0,N/A,-1,N/A,0.0,0.0,N/A,-1,N/A,0.0,0.0,N/A,-1,N/A,0.0,0.0,N/A,-1,N/A,0.0,0.0,N/A,slot0,full,-6.608479964440088,0.13366449356369628,europalette_0,0,0,0,0,0,0,0,0,0,0,0,0,0,0,0,0,0,0,0.6000000238418579,0.0,0.0,0.0,0.0,0.0,0.0,0.0,0.0,0.0,0.0,0.6000000238418579,0.0,0.0,0.0,0.0,0.0,0.5667638182640076,-0.012852291576564312,0.0,-1.0750504861790615,-0.002027972422073837,-0.029256125795373955,0.6568218766708469,0.2073893098219649,-0.012852291440932362,0.0024360138501758975,-0.010982873159206527,0.0,0.0,0.0,0.0,0.0,0.0,0.0,0.0,0.0,0.0,0.0,0.0,-0.08583437651395798,-0.025183768942952156,-0.010352441109716892
0.0,0.0,0.0,LoadPallet,False,autonomous,False,0.0,0.0,0.0,0.0,0.0,0.0,0.0,-1,N/A,0.0,0.0,N/A,-1,N/A,0.0,0.0,N/A,-1,N/A,0.0,0.0,N/A,-1,N/A,0.0,0.0,N/A,-1,N/A,0.0,0.0,N/A,slot0,full,-6.608479964440088,0.13366449356369628,europalette_0,0,0,0,0,0,0,0,0,0,0,0,0,0,0,0,0,0,0,0.6000000238418579,0.0,0.0,0.0,0.0,0.0,0.0,0.0,0.0,0.0,0.0,0.6000000238418579,0.0,0.0,0.0,0.0,0.0,0.5510692000389099,-0.012799584306776524,0.0,-1.0640868892157167,-0.001956291796918891,-0.02913167347412754,0.6627611010630403,0.20738997111952714,-0.01279958425859995,0.0029171438158350645,-0.010982574653333913,0.0,0.0,0.0,0.0,0.0,0.0,0.0,0.0,0.0,0.0,0.0,0.0,-0.08583437651395798,-0.025183768942952156,-0.010352441109716892
0.0,0.0,0.0,LoadPallet,False,autonomous,False,0.0,0.0,0.0,0.0,0.0,0.0,0.0,-1,N/A,0.0,0.0,N/A,-1,N/A,0.0,0.0,N/A,-1,N/A,0.0,0.0,N/A,-1,N/A,0.0,0.0,N/A,-1,N/A,0.0,0.0,N/A,slot0,full,-6.608479964440088,0.13366449356369628,europalette_0,0,0,0,0,0,0,0,0,0,0,0,0,0,0,0,0,0,0,0.6000000238418579,0.0,0.0,0.0,0.0,0.0,0.0,0.0,0.0,0.0,0.0,0.6000000238418579,0.0,0.0,0.0,0.0,0.0,0.612639844417572,-0.012795545160770416,0.0,-1.0752859799826693,-0.00201369372989757,-0.02925279810504,0.6580547242445505,0.20739668173958134,-0.012795545578581091,-0.0006291086554855562,-0.010982296606108779,0.0,0.0,0.0,0.0,0.0,0.0,0.0,0.0,0.0,0.0,0.0,0.0,-0.08583437651395798,-0.025183768942952156,-0.010352441109716892
0.0,0.0,0.0,LoadPallet,False,autonomous,False,0.0,0.0,0.0,0.0,0.0,0.0,0.0,-1,N/A,0.0,0.0,N/A,-1,N/A,0.0,0.0,N/A,-1,N/A,0.0,0.0,N/A,-1,N/A,0.0,0.0,N/A,-1,N/A,0.0,0.0,N/A,slot0,full,-6.608479964440088,0.13366449356369628,europalette_0,0,0,0,0,0,0,0,0,0,0,0,0,0,0,0,0,0,0,0.6000000238418579,0.0,0.0,0.0,0.0,0.0,0.0,0.0,0.0,0.0,0.0,0.6000000238418579,0.0,0.0,0.0,0.0,0.0,0.5968776941299438,-0.012767704203724861,0.0,-1.0642130023906073,-0.001958403179767254,-0.029135183828164157,0.6626898690446694,0.20739159767804888,-0.012767704412054215,0.0030665757306471714,-0.010981979558209938,0.0,0.0,0.0,0.0,0.0,0.0,0.0,0.0,0.0,0.0,0.0,0.0,-0.08583437651395798,-0.025183768942952156,-0.010352441109716892
0.0,0.0,0.0,LoadPallet,False,autonomous,False,0.0,0.0,0.0,0.0,0.0,0.0,0.0,-1,N/A,0.0,0.0,N/A,-1,N/A,0.0,0.0,N/A,-1,N/A,0.0,0.0,N/A,-1,N/A,0.0,0.0,N/A,-1,N/A,0.0,0.0,N/A,slot0,full,-6.608479964440088,0.13366449356369628,europalette_0,0,0,0,0,0,0,0,0,0,0,0,0,0,0,0,0,0,0,0.6000000238418579,0.0,0.0,0.0,0.0,0.0,0.0,0.0,0.0,0.0,0.0,0.6000000238418579,0.0,0.0,0.0,0.0,0.0,0.5813902020454407,-0.012685329653322697,0.0,-1.0753659798738573,-0.0020486522232868593,-0.029260449908533714,0.6555578026788851,0.20739430301999726,-0.012685329655348632,0.0035994689935221996,-0.010981685008161735,0.0,0.0,0.0,0.0,0.0,0.0,0.0,0.0,0.0,0.0,0.0,0.0,-0.08583437651395798,-0.025183768942952156,-0.010352441109716892
0.0,0.0,0.0,LoadPallet,False,autonomous,False,0.0,0.0,0.0,0.0,0.0,0.0,0.0,-1,N/A,0.0,0.0,N/A,-1,N/A,0.0,0.0,N/A,-1,N/A,0.0,0.0,N/A,-1,N/A,0.0,0.0,N/A,-1,N/A,0.0,0.0,N/A,slot0,full,-6.608479964440088,0.13366449356369628,europalette_0,0,0,0,0,0,0,0,0,0,0,0,0,0,0,0,0,0,0,0.6000000238418579,0.0,0.0,0.0,0.0,0.0,0.0,0.0,0.0,0.0,0.0,0.6000000238418579,0.0,0.0,0.0,0.0,0.0,0.5656810998916626,-0.012662972323596478,0.0,-1.0641185694716393,-0.0019651539132837514,-0.029132700566820546,0.6627460765583351,0.2073951931429248,-0.012662972466369382,-0.0005705232852690686,-0.010981446071741343,0.0,0.0,0.0,0.0,0.0,0.0,0.0,0.0,0.0,0.0,0.0,0.0,-0.08583437651395798,-0.025183768942952156,-0.010352441109716892
0.0,0.0,0.0,LoadPallet,False,autonomous,False,0.0,0.0,0.0,0.0,0.0,0.0,0.0,-1,N/A,0.0,0.0,N/A,-1,N/A,0.0,0.0,N/A,-1,N/A,0.0,0.0,N/A,-1,N/A,0.0,0.0,N/A,-1,N/A,0.0,0.0,N/A,slot0,full,-6.608479964440088,0.13366449356369628,europalette_0,0,0,0,0,0,0,0,0,0,0,0,0,0,0,0,0,0,0,0.6000000238418579,0.0,0.0,0.0,0.0,0.0,0.0,0.0,0.0,0.0,0.0,0.6000000238418579,0.0,0.0,0.0,0.0,0.0,0.5498573184013367,-0.01266571320593357,0.0,-1.0804127422813776,-0.0020453432973548402,-0.029313525395648188,0.6560923087362198,0.2074016871149612,-0.012665713491193387,0.0007908751088292116,-0.010981162235084562,0.0,0.0,0.0,0.0,0.0,0.0,0.0,0.0,0.0,0.0,0.0,0.0,-0.08583437651395798,-0.025183768942952156,-0.010352441109716892
0.0,0.0,0.0,LoadPallet,False,autonomous,False,0.0,0.0,0.0,0.0,0.0,0.0,0.0,-1,N/A,0.0,0.0,N/A,-1,N/A,0.0,0.0,N/A,-1,N/A,0.0,0.0,N/A,-1,N/A,0.0,0.0,N/A,-1,N/A,0.0,0.0,N/A,slot0,full,-6.608479964440088,0.13366449356369628,europalette_0,0,0,0,0,0,0,0,0,0,0,0,0,0,0,0,0,0,0,0.6000000238418579,0.0,0.0,0.0,0.0,0.0,0.0,0.0,0.0,0.0,0.0,0.6000000238418579,0.0,0.0,0.0,0.0,0.0,0.6110167503356934,-0.012672514654695988,0.0,-1.064253787722679,-0.0019625638006572077,-0.02912054971353728,0.6628487353747801,0.20740199959574038,-0.012672514596351547,0.0005642585536500561,-0.010980882724302256,0.0,0.0,0.0,0.0,0.0,0.0,0.0,0.0,0.0,0.0,0.0,0.0,-0.08583437651395798,-0.025183768942952156,-0.010352441109716892
0.0,0.0,0.0,LoadPallet,False,autonomous,False,0.0,0.0,0.0,0.0,0.0,0.0,0.0,-1,N/A,0.0,0.0,N/A,-1,N/A,0.0,0.0,N/A,-1,N/A,0.0,0.0,N/A,-1,N/A,0.0,0.0,N/A,-1,N/A,0.0,0.0,N/A,slot0,full,-6.608479964440088,0.13366449356369628,europalette_0,0,0,0,0,0,0,0,0,0,0,0,0,0,0,0,0,0,0,0.6000000238418579,0.0,0.0,0.0,0.0,0.0,0.0,0.0,0.0,0.0,0.0,0.6000000238418579,0.0,0.0,0.0,0.0,0.0,0.5956391096115112,-0.012641582638025284,0.0,-1.0756799414990796,-0.0020362700132025846,-0.029257596716560863,0.6570152549703323,0.20739764004091402,-0.01264158227853951,0.0016336033930405966,-0.010980592942388878,0.0,0.0,0.0,0.0,0.0,0.0,0.0,0.0,0.0,0.0,0.0,0.0,-0.08583437651395798,-0.025183768942952156,-0.010352441109716892
0.0,0.0,0.0,LoadPallet,False,autonomous,False,0.0,0.0,0.0,0.0,0.0,0.0,0.0,-1,N/A,0.0,0.0,N/A,-1,N/A,0.0,0.0,N/A,-1,N/A,0.0,0.0,N/A,-1,N/A,0.0,0.0,N/A,-1,N/A,0.0,0.0,N/A,slot0,full,-6.608479964440088,0.13366449356369628,europalette_0,0,0,0,0,0,0,0,0,0,0,0,0,0,0,0,0,0,0,0.6000000238418579,0.0,0.0,0.0,0.0,0.0,0.0,0.0,0.0,0.0,0.0,0.6000000238418579,0.0,0.0,0.0,0.0,0.0,0.5796425342559814,-0.012598566710948944,0.0,-1.0641612804669904,-0.001966906733650242,-0.02913274902722124,0.6627074615537367,0.20739874774092126,-0.012598566906008912,0.002399211889487843,-0.010980303378145454,0.0,0.0,0.0,0.0,0.0,0.0,0.0,0.0,0.0,0.0,0.0,0.0,-0.08583437651395798,-0.025183768942952156,-0.010352441109716892
0.0,0.0,0.0,LoadPallet,False,autonomous,False,0.0,0.0,0.0,0.0,0.0,0.0,0.0,-1,N/A,0.0,0.0,N/A,-1,N/A,0.0,0.0,N/A,-1,N/A,0.0,0.0,N/A,-1,N/A,0.0,0.0,N/A,-1,N/A,0.0,0.0,N/A,slot0,full,-6.608479964440088,0.13366449356369628,europalette_0,0,0,0,0,0,0,0,0,0,0,0,0,0,0,0,0,0,0,0.6000000238418579,0.0,0.0,0.0,0.0,0.0,0.0,0.0,0.0,0.0,0.0,0.6000000238418579,0.0,0.0,0.0,0.0,0.0,0.5639416575431824,-0.012535651214420795,0.0,-1.0749883265711269,-0.002046607752232768,-0.029255785003996504,0.6563490892972652,0.2073998472144724,-0.012535650795164166,0.0033017501222932684,-0.010980006199984436,0.0,0.0,0.0,0.0,0.0,0.0,0.0,0.0,0.0,0.0,0.0,0.0,-0.08583437651395798,-0.025183768942952156,-0.010352441109716892
0.0,0.0,0.0,LoadPallet,False,autonomous,False,0.0,0.0,0.0,0.0,0.0,0.0,0.0,-1,N/A,0.0,0.0,N/A,-1,N/A,0.0,0.0,N/A,-1,N/A,0.0,0.0,N/A,-1,N/A,0.0,0.0,N/A,-1,N/A,0.0,0.0,N/A,slot0,full,-6.608479964440088,0.13366449356369628,europalette_0,0,0,0,0,0,0,0,0,0,0,0,0,0,0,0,0,0,0,0.6000000238418579,0.0,0.0,0.0,0.0,0.0,0.0,0.0,0.0,0.0,0.0,0.6000000238418579,0.0,0.0,0.0,0.0,0.0,0.5483835935592651,-0.012450048699975014,0.0,-1.0697911267730031,-0.002013338466764353,-0.029191670103855205,0.6591984848588197,0.20740774998208972,-0.012450048576083894,0.004739397179987828,-0.010979711572778342,0.0,0.0,0.0,0.0,0.0,0.0,0.0,0.0,0.0,0.0,0.0,0.0,-0.08583437651395798,-0.025183768942952156,-0.010352441109716892
0.0,0.0,0.0,LoadPallet,False,autonomous,False,0.0,0.0,0.0,0.0,0.0,0.0,0.0,-1,N/A,0.0,0.0,N/A,-1,N/A,0.0,0.0,N/A,-1,N/A,0.0,0.0,N/A,-1,N/A,0.0,0.0,N/A,-1,N/A,0.0,0.0,N/A,slot0,full,-6.608479964440088,0.13366449356369628,europalette_0,0,0,0,0,0,0,0,0,0,0,0,0,0,0,0,0,0,0,0.6000000238418579,0.0,0.0,0.0,0.0,0.0,0.0,0.0,0.0,0.0,0.0,0.6000000238418579,0.0,0.0,0.0,0.0,0.0,0.6097947955131531,-0.012394058518111706,0.0,-1.0812638783086133,-0.002079901028489109,-0.029329340576222773,0.6537191030107579,0.2074009221409231,-0.012394058911297634,0.0003817002582943039,-0.010979451058224309,0.0,0.0,0.0,0.0,0.0,0.0,0.0,0.0,0.0,0.0,0.0,0.0,-0.08583437651395798,-0.025183768942952156,-0.010352441109716892
0.0,0.0,0.0,LoadPallet,False,autonomous,False,0.0,0.0,0.0,0.0,0.0,0.0,0.0,-1,N/A,0.0,0.0,N/A,-1,N/A,0.0,0.0,N/A,-1,N/A,0.0,0.0,N/A,-1,N/A,0.0,0.0,N/A,-1,N/A,0.0,0.0,N/A,slot0,full,-6.608479964440088,0.13366449356369628,europalette_0,0,0,0,0,0,0,0,0,0,0,0,0,0,0,0,0,0,0,0.6000000238418579,0.0,0.0,0.0,0.0,0.0,0.0,0.0,0.0,0.0,0.0,0.6000000238418579,0.0,0.0,0.0,0.0,0.0,0.594009280204773,-0.012347050942480564,0.0,-1.0700859725438558,-0.0020193265884510814,-0.02919995316469931,0.6589015898090622,0.2074051823676831,-0.012347050552575567,0.004129510081497718,-0.01097913721441999,0.0,0.0,0.0,0.0,0.0,0.0,0.0,0.0,0.0,0.0,0.0,0.0,-0.08583437651395798,-0.025183768942952156,-0.010352441109716892
0.0,0.0,0.0,LoadPallet,False,autonomous,False,0.0,0.0,0.0,0.0,0.0,0.0,0.0,-1,N/A,0.0,0.0,N/A,-1,N/A,0.0,0.0,N/A,-1,N/A,0.0,0.0,N/A,-1,N/A,0.0,0.0,N/A,-1,N/A,0.0,0.0,N/A,slot0,full,-6.608479964440088,0.13366449356369628,europalette_0,0,0,0,0,0,0,0,0,0,0,0,0,0,0,0,0,0,0,0.6000000238418579,0.0,0.0,0.0,0.0,0.0,0.0,0.0,0.0,0.0,0.0,0.6000000238418579,0.0,0.0,0.0,0.0,0.0,0.5785210728645325,-0.012262987904250622,0.0,-1.0810275420232482,-0.0021039866456063483,-0.02932517123843764,0.6521226603124717,0.20740546699207044,-0.012262987873868703,0.00439485408343039,-0.010978863491458437,0.0,0.0,0.0,0.0,0.0,0.0,0.0,0.0,0.0,0.0,0.0,0.0,-0.08583437651395798,-0.025183768942952156,-0.010352441109716892
0.0,0.0,0.0,LoadPallet,False,autonomous,False,0.0,0.0,0.0,0.0,0.0,0.0,0.0,-1,N/A,0.0,0.0,N/A,-1,N/A,0.0,0.0,N/A,-1,N/A,0.0,0.0,N/A,-1,N/A,0.0,0.0,N/A,-1,N/A,0.0,0.0,N/A,slot0,full,-6.608479964440088,0.13366449356369628,europalette_0,0,0,0,0,0,0,0,0,0,0,0,0,0,0,0,0,0,0,0.6000000238418579,0.0,0.0,0.0,0.0,0.0,0.0,0.0,0.0,0.0,0.0,0.6000000238418579,0.0,0.0,0.0,0.0,0.0,0.5628111958503723,-0.012185526080429554,0.0,-1.0696775951629967,-0.002016734732597558,-0.029196262687621988,0.6595647118423642,0.20740621574974713,-0.012185525817473675,0.002652969901636837,-0.010978615784122849,0.0,0.0,0.0,0.0,0.0,0.0,0.0,0.0,0.0,0.0,0.0,0.0,-0.08583437651395798,-0.025183768942952156,-0.010352441109716892
0.0,0.0,0.0,LoadPallet,False,autonomous,False,0.0,0.0,0.0,0.0,0.0,0.0,0.0,-1,N/A,0.0,0.0,N/A,-1,N/A,0.0,0.0,N/A,-1,N/A,0.0,0.0,N/A,-1,N/A,0.0,0.0,N/A,-1,N/A,0.0,0.0,N/A,slot0,full,-6.608479964440088,0.13366449356369628,europalette_0,0,0,0,0,0,0,0,0,0,0,0,0,0,0,0,0,0,0,0.6000000238418579,0.0,0.0,0.0,0.0,0.0,0.0,0.0,0.0,0.0,0.0,0.6000000238418579,0.0,0.0,0.0,0.0,0.0,0.5470210909843445,-0.012126706540584564,0.0,-1.0746228806661486,-0.0020507873566720652,-0.029253475270099916,0.6568309249913113,0.20740597987806553,-0.01212670623093981,0.0030791735762597007,-0.010978357716334276,0.0,0.0,0.0,0.0,0.0,0.0,0.0,0.0,0.0,0.0,0.0,0.0,-0.08583437651395798,-0.025183768942952156,-0.010352441109716892
0.0,0.0,0.0,LoadPallet,False,autonomous,False,0.0,0.0,0.0,0.0,0.0,0.0,0.0,-1,N/A,0.0,0.0,N/A,-1,N/A,0.0,0.0,N/A,-1,N/A,0.0,0.0,N/A,-1,N/A,0.0,0.0,N/A,-1,N/A,0.0,0.0,N/A,slot0,full,-6.608479964440088,0.13366449356369628,europalette_0,0,0,0,0,0,0,0,0,0,0,0,0,0,0,0,0,0,0,0.6000000238418579,0.0,0.0,0.0,0.0,0.0,0.0,0.0,0.0,0.0,0.0,0.6000000238418579,0.0,0.0,0.0,0.0,0.0,0.6084019541740417,-0.012080095708370209,0.0,-1.064245249806321,-0.001981573414220575,-0.029121966079116435,0.6626554745198803,0.20741294314361963,-0.012080096107593974,0.0016642247973639762,-0.010978079298223769,0.0,0.0,0.0,0.0,0.0,0.0,0.0,0.0,0.0,0.0,0.0,0.0,-0.08583437651395798,-0.025183768942952156,-0.010352441109716892
0.0,0.0,0.0,LoadPallet,False,autonomous,False,0.0,0.0,0.0,0.0,0.0,0.0,0.0,-1,N/A,0.0,0.0,N/A,-1,N/A,0.0,0.0,N/A,-1,N/A,0.0,0.0,N/A,-1,N/A,0.0,0.0,N/A,-1,N/A,0.0,0.0,N/A,slot0,full,-6.608479964440088,0.13366449356369628,europalette_0,0,0,0,0,0,0,0,0,0,0,0,0,0,0,0,0,0,0,0.6000000238418579,0.0,0.0,0.0,0.0,0.0,0.0,0.0,0.0,0.0,0.0,0.6000000238418579,0.0,0.0,0.0,0.0,0.0,0.5929388999938965,-0.012005524709820747,0.0,-1.0756178854355598,-0.002065394883196195,-0.029258472093628585,0.6558644789828065,0.20740849343929893,-0.012005524789509892,0.004682944760390002,-0.010977773798161842,0.0,0.0,0.0,0.0,0.0,0.0,0.0,0.0,0.0,0.0,0.0,0.0,-0.08583437651395798,-0.025183768942952156,-0.010352441109716892
0.0,0.0,0.0,LoadPallet,False,autonomous,False,0.0,0.0,0.0,0.0,0.0,0.0,0.0,-1,N/A,0.0,0.0,N/A,-1,N/A,0.0,0.0,N/A,-1,N/A,0.0,0.0,N/A,-1,N/A,0.0,0.0,N/A,-1,N/A,0.0,0.0,N/A,slot0,full,-6.608479964440088,0.13366449356369628,europalette_0,0,0,0,0,0,0,0,0,0,0,0,0,0,0,0,0,0,0,0.6000000238418579,0.0,0.0,0.0,0.0,0.0,0.0,0.0,0.0,0.0,0.0,0.6000000238418579,0.0,0.0,0.0,0.0,0.0,0.5770570039749146,-0.011918935924768448,0.0,-1.0641529324081214,-0.0019841469506159254,-0.029133411973659762,0.6625133957887499,0.207410013221886,-0.011918935527386765,0.004983492518582803,-0.010977513422314502,0.0,0.0,0.0,0.0,0.0,0.0,0.0,0.0,0.0,0.0,0.0,0.0,-0.08583437651395798,-0.025183768942952156,-0.010352441109716892
0.0,0.0,0.0,LoadPallet,False,autonomous,False,0.0,0.0,0.0,0.0,0.0,0.0,0.0,-1,N/A,0.0,0.0,N/A,-1,N/A,0.0,0.0,N/A,-1,N/A,0.0,0.0,N/A,-1,N/A,0.0,0.0,N/A,-1,N/A,0.0,0.0,N/A,slot0,full,-6.608479964440088,0.13366449356369628,europalette_0,0,0,0,0,0,0,0,0,0,0,0,0,0,0,0,0,0,0,0.6000000238418579,0.0,0.0,0.0,0.0,0.0,0.0,0.0,0.0,0.0,0.0,0.6000000238418579,0.0,0.0,0.0,0.0,0.0,0.5612626671791077,-0.011838739737868309,0.0,-1.0749268610630258,-0.002062882989142076,-0.029255245231459948,0.6561894576649934,0.2074116558781519,-0.011838740122945168,0.003484572050063708,-0.01097725986807291,0.0,0.0,0.0,0.0,0.0,0.0,0.0,0.0,0.0,0.0,0.0,0.0,-0.08583437651395798,-0.025183768942952156,-0.010352441109716892
0.0,0.0,0.0,LoadPallet,False,autonomous,False,0.0,0.0,0.0,0.0,0.0,0.0,0.0,-1,N/A,0.0,0.0,N/A,-1,N/A,0.0,0.0,N/A,-1,N/A,0.0,0.0,N/A,-1,N/A,0.0,0.0,N/A,-1,N/A,0.0,0.0,N/A,slot0,full,-6.608479964440088,0.13366449356369628,europalette_0,0,0,0,0,0,0,0,0,0,0,0,0,0,0,0,0,0,0,0.6000000238418579,0.0,0.0,0.0,0.0,0.0,0.0,0.0,0.0,0.0,0.0,0.6000000238418579,0.0,0.0,0.0,0.0,0.0,0.5454673171043396,-0.01177193783223629,0.0,-1.0640699056742662,-0.001987317657685936,-0.029131184506666352,0.6625803988242751,0.2074121667700091,-0.011771937841030145,0.00407190141549362,-0.010976976248177771,0.0,0.0,0.0,0.0,0.0,0.0,0.0,0.0,0.0,0.0,0.0,0.0,-0.08583437651395798,-0.025183768942952156,-0.010352441109716892
0.0,0.0,0.0,LoadPallet,False,autonomous,False,0.0,0.0,0.0,0.0,0.0,0.0,0.0,-1,N/A,0.0,0.0,N/A,-1,N/A,0.0,0.0,N/A,-1,N/A,0.0,0.0,N/A,-1,N/A,0.0,0.0,N/A,-1,N/A,0.0,0.0,N/A,slot0,full,-6.608479964440088,0.13366449356369628,europalette_0,0,0,0,0,0,0,0,0,0,0,0,0,0,0,0,0,0,0,0.6000000238418579,0.0,0.0,0.0,0.0,0.0,0.0,0.0,0.0,0.0,0.0,0.6000000238418579,0.0,0.0,0.0,0.0,0.0,0.6069868803024292,-0.0117292245849967,0.0,-1.0811751169938981,-0.0020851616704338632,-0.029326714343456295,0.6545968018838835,0.2074122783674438,-0.011729224318687947,0.0010489865472463073,-0.010976719644758519,0.0,0.0,0.0,0.0,0.0,0.0,0.0,0.0,0.0,0.0,0.0,0.0,-0.08583437651395798,-0.025183768942952156,-0.010352441109716892
0.0,0.0,0.0,LoadPallet,False,autonomous,False,0.0,0.0,0.0,0.0,0.0,0.0,0.0,-1,N/A,0.0,0.0,N/A,-1,N/A,0.0,0.0,N/A,-1,N/A,0.0,0.0,N/A,-1,N/A,0.0,0.0,N/A,-1,N/A,0.0,0.0,N/A,slot0,full,-6.608479964440088,0.13366449356369628,europalette_0,0,0,0,0,0,0,0,0,0,0,0,0,0,0,0,0,0,0,0.6000000238418579,0.0,0.0,0.0,0.0,0.0,0.0,0.0,0.0,0.0,0.0,0.6000000238418579,0.0,0.0,0.0,0.0,0.0,0.5912558436393738,-0.01169207040220499,0.0,-1.0700500177919912,-0.0020315233599231125,-0.029200065630278715,0.6591659450853626,0.2074154207461487,-0.011692070053340942,0.0029890537095619146,-0.010976431106474383,0.0,0.0,0.0,0.0,0.0,0.0,0.0,0.0,0.0,0.0,0.0,0.0,-0.08583437651395798,-0.025183768942952156,-0.010352441109716892
0.0,0.0,0.0,LoadPallet,False,autonomous,False,0.0,0.0,0.0,0.0,0.0,0.0,0.0,-1,N/A,0.0,0.0,N/A,-1,N/A,0.0,0.0,N/A,-1,N/A,0.0,0.0,N/A,-1,N/A,0.0,0.0,N/A,-1,N/A,0.0,0.0,N/A,slot0,full,-6.608479964440088,0.13366449356369628,europalette_0,0,0,0,0,0,0,0,0,0,0,0,0,0,0,0,0,0,0,0.6000000238418579,0.0,0.0,0.0,0.0,0.0,0.0,0.0,0.0,0.0,0.0,0.6000000238418579,0.0,0.0,0.0,0.0,0.0,0.5754579305648804,-0.011609043926000595,0.0,-1.0809391211372903,-0.0021185480090378656,-0.029324830497150345,0.6522470641109805,0.20741555773682632,-0.01160904368325344,0.004744452830474798,-0.010976140241693803,0.0,0.0,0.0,0.0,0.0,0.0,0.0,0.0,0.0,0.0,0.0,0.0,-0.08583437651395798,-0.025183768942952156,-0.010352441109716892
0.0,0.0,0.0,LoadPallet,False,autonomous,False,0.0,0.0,0.0,0.0,0.0,0.0,0.0,-1,N/A,0.0,0.0,N/A,-1,N/A,0.0,0.0,N/A,-1,N/A,0.0,0.0,N/A,-1,N/A,0.0,0.0,N/A,-1,N/A,0.0,0.0,N/A,slot0,full,-6.608479964440088,0.13366449356369628,europalette_0,0,0,0,0,0,0,0,0,0,0,0,0,0,0,0,0,0,0,0.6000000238418579,0.0,0.0,0.0,0.0,0.0,0.0,0.0,0.0,0.0,0.0,0.6000000238418579,0.0,0.0,0.0,0.0,0.0,0.5599372982978821,-0.011501196771860123,0.0,-1.0699408158547623,-0.00203642468012509,-0.029193686694375554,0.6590587806674648,0.20742272264164183,-0.011501196431541238,0.005357172364276116,-0.010975865356170867,0.0,0.0,0.0,0.0,0.0,0.0,0.0,0.0,0.0,0.0,0.0,0.0,-0.08583437651395798,-0.025183768942952156,-0.010352441109716892
0.0,0.0,0.0,LoadPallet,False,autonomous,False,0.0,0.0,0.0,0.0,0.0,0.0,0.0,-1,N/A,0.0,0.0,N/A,-1,N/A,0.0,0.0,N/A,-1,N/A,0.0,0.0,N/A,-1,N/A,0.0,0.0,N/A,-1,N/A,0.0,0.0,N/A,slot0,full,-6.608479964440088,0.13366449356369628,europalette_0,0,0,0,0,0,0,0,0,0,0,0,0,0,0,0,0,0,0,0.6000000238418579,0.0,0.0,0.0,0.0,0.0,0.0,0.0,0.0,0.0,0.0,0.6000000238418579,0.0,0.0,0.0,0.0,0.0,0.621288537979126,-0.011423110961914062,0.0,-1.0816323888818857,-0.0021087782730580124,-0.029332546593439313,0.6531315963695477,0.20741730754888013,-0.011423110574336093,0.0029870657365010924,-0.010975588568021218,0.0,0.0,0.0,0.0,0.0,0.0,0.0,0.0,0.0,0.0,0.0,0.0,-0.08583437651395798,-0.025183768942952156,-0.010352441109716892
0.0,0.0,0.0,LoadPallet,False,autonomous,False,0.0,0.0,0.0,0.0,0.0,0.0,0.0,-1,N/A,0.0,0.0,N/A,-1,N/A,0.0,0.0,N/A,-1,N/A,0.0,0.0,N/A,-1,N/A,0.0,0.0,N/A,-1,N/A,0.0,0.0,N/A,slot0,full,-6.608479964440088,0.13366449356369628,europalette_0,0,0,0,0,0,0,0,0,0,0,0,0,0,0,0,0,0,0,0.6000000238418579,0.0,0.0,0.0,0.0,0.0,0.0,0.0,0.0,0.0,0.0,0.6000000238418579,0.0,0.0,0.0,0.0,0.0,0.6057191491127014,-0.011364873498678207,0.0,-1.0702353681539343,-0.002037861494083512,-0.029202670637844097,0.6591666833340923,0.20742001675913604,-0.011364873525306685,0.0040876090123788695,-0.010975324361984522,0.0,0.0,0.0,0.0,0.0,0.0,0.0,0.0,0.0,0.0,0.0,0.0,-0.08583437651395798,-0.025183768942952156,-0.010352441109716892
0.0,0.0,0.0,LoadPallet,False,autonomous,False,0.0,0.0,0.0,0.0,0.0,0.0,0.0,-1,N/A,0.0,0.0,N/A,-1,N/A,0.0,0.0,N/A,-1,N/A,0.0,0.0,N/A,-1,N/A,0.0,0.0,N/A,-1,N/A,0.0,0.0,N/A,slot0,full,-6.608479964440088,0.13366449356369628,europalette_0,0,0,0,0,0,0,0,0,0,0,0,0,0,0,0,0,0,0,0.6000000238418579,0.0,0.0,0.0,0.0,0.0,0.0,0.0,0.0,0.0,0.0,0.6000000238418579,0.0,0.0,0.0,0.0,0.0,0.5898712277412415,-0.011286308988928795,0.0,-1.0755555356079736,-0.002076487795421522,-0.02926381933675609,0.656125786458233,0.20741984374224096,-0.011286308915469334,0.003721828676118731,-0.01097506824002679,0.0,0.0,0.0,0.0,0.0,0.0,0.0,0.0,0.0,0.0,0.0,0.0,-0.08583437651395798,-0.025183768942952156,-0.010352441109716892
0.0,0.0,0.0,LoadPallet,False,autonomous,False,0.0,0.0,0.0,0.0,0.0,0.0,0.0,-1,N/A,0.0,0.0,N/A,-1,N/A,0.0,0.0,N/A,-1,N/A,0.0,0.0,N/A,-1,N/A,0.0,0.0,N/A,-1,N/A,0.0,0.0,N/A,slot0,full,-6.608479964440088,0.13366449356369628,europalette_0,0,0,0,0,0,0,0,0,0,0,0,0,0,0,0,0,0,0,0.6000000238418579,0.0,0.0,0.0,0.0,0.0,0.0,0.0,0.0,0.0,0.0,0.6000000238418579,0.0,0.0,0.0,0.0,0.0,0.5740131139755249,-0.011202081106603146,0.0,-1.0641441865572165,-0.0020004439078903508,-0.029131879479398604,0.6624903009708021,0.2074210380654255,-0.011202080780520873,0.0051468681916282625,-0.010974772462282767,0.0,0.0,0.0,0.0,0.0,0.0,0.0,0.0,0.0,0.0,0.0,0.0,-0.08583437651395798,-0.025183768942952156,-0.010352441109716892
0.0,0.0,0.0,LoadPallet,False,autonomous,False,0.0,0.0,0.0,0.0,0.0,0.0,0.0,-1,N/A,0.0,0.0,N/A,-1,N/A,0.0,0.0,N/A,-1,N/A,0.0,0.0,N/A,-1,N/A,0.0,0.0,N/A,-1,N/A,0.0,0.0,N/A,slot0,full,-6.608479964440088,0.13366449356369628,europalette_0,0,0,0,0,0,0,0,0,0,0,0,0,0,0,0,0,0,0,0.6000000238418579,0.0,0.0,0.0,0.0,0.0,0.0,0.0,0.0,0.0,0.0,0.6000000238418579,0.0,0.0,0.0,0.0,0.0,0.5584732294082642,-0.011102401651442051,0.0,-1.074875042822761,-0.002083958590450685,-0.029255136708267127,0.655857595618869,0.2074211754217195,-0.011102401460329148,0.004544548938363374,-0.010974521676280337,0.0,0.0,0.0,0.0,0.0,0.0,0.0,0.0,0.0,0.0,0.0,0.0,-0.08583437651395798,-0.025183768942952156,-0.010352441109716892
0.0,0.0,0.0,LoadPallet,False,autonomous,False,0.0,0.0,0.0,0.0,0.0,0.0,0.0,-1,N/A,0.0,0.0,N/A,-1,N/A,0.0,0.0,N/A,-1,N/A,0.0,0.0,N/A,-1,N/A,0.0,0.0,N/A,-1,N/A,0.0,0.0,N/A,slot0,full,-6.608479964440088,0.13366449356369628,europalette_0,0,0,0,0,0,0,0,0,0,0,0,0,0,0,0,0,0,0,0.6000000238418579,0.0,0.0,0.0,0.0,0.0,0.0,0.0,0.0,0.0,0.0,0.6000000238418579,0.0,0.0,0.0,0.0,0.0,0.6198540925979614,-0.01103920117020607,0.0,-1.0642795202400945,-0.002005822363159604,-0.029122606007738028,0.6624982368336418,0.20742799204185045,-0.011039201094764195,0.0025787977611997142,-0.01097424555671727,0.0,0.0,0.0,0.0,0.0,0.0,0.0,0.0,0.0,0.0,0.0,0.0,-0.08583437651395798,-0.025183768942952156,-0.010352441109716892
0.0,0.0,0.0,LoadPallet,False,autonomous,False,0.0,0.0,0.0,0.0,0.0,0.0,0.0,-1,N/A,0.0,0.0,N/A,-1,N/A,0.0,0.0,N/A,-1,N/A,0.0,0.0,N/A,-1,N/A,0.0,0.0,N/A,-1,N/A,0.0,0.0,N/A,slot0,full,-6.608479964440088,0.13366449356369628,europalette_0,0,0,0,0,0,0,0,0,0,0,0,0,0,0,0,0,0,0,0.6000000238418579,0.0,0.0,0.0,0.0,0.0,0.0,0.0,0.0,0.0,0.0,0.6000000238418579,0.0,0.0,0.0,0.0,0.0,0.6043641567230225,-0.010940933600068092,0.0,-1.0758694516947571,-0.0020933371247331134,-0.02926157504191257,0.6553829263706348,0.20742357712275475,-0.010940933581064627,0.0061390046295443906,-0.01097393953746534,0.0,0.0,0.0,0.0,0.0,0.0,0.0,0.0,0.0,0.0,0.0,0.0,-0.08583437651395798,-0.025183768942952156,-0.010352441109716892
0.0,0.0,0.0,LoadPallet,False,autonomous,False,0.0,0.0,0.0,0.0,0.0,0.0,0.0,-1,N/A,0.0,0.0,N/A,-1,N/A,0.0,0.0,N/A,-1,N/A,0.0,0.0,N/A,-1,N/A,0.0,0.0,N/A,-1,N/A,0.0,0.0,N/A,slot0,full,-6.608479964440088,0.13366449356369628,europalette_0,0,0,0,0,0,0,0,0,0,0,0,0,0,0,0,0,0,0,0.6000000238418579,0.0,0.0,0.0,0.0,0.0,0.0,0.0,0.0,0.0,0.0,0.6000000238418579,0.0,0.0,0.0,0.0,0.0,0.5884737372398376,-0.01081893127411604,0.0,-1.0700123599013152,-0.002057633133046202,-0.029200468132430046,0.6583858501822135,0.20742558362125674,-0.01081893145178281,0.007075810539606094,-0.010973681451102286,0.0,0.0,0.0,0.0,0.0,0.0,0.0,0.0,0.0,0.0,0.0,0.0,-0.08583437651395798,-0.025183768942952156,-0.010352441109716892
0.0,0.0,0.0,LoadPallet,False,autonomous,False,0.0,0.0,0.0,0.0,0.0,0.0,0.0,-1,N/A,0.0,0.0,N/A,-1,N/A,0.0,0.0,N/A,-1,N/A,0.0,0.0,N/A,-1,N/A,0.0,0.0,N/A,-1,N/A,0.0,0.0,N/A,slot0,full,-6.608479964440088,0.13366449356369628,europalette_0,0,0,0,0,0,0,0,0,0,0,0,0,0,0,0,0,0,0,0.6000000238418579,0.0,0.0,0.0,0.0,0.0,0.0,0.0,0.0,0.0,0.0,0.6000000238418579,0.0,0.0,0.0,0.0,0.0,0.5730241537094116,-0.010690288618206978,0.0,-1.0808462448205738,-0.0021467749994400764,-0.029322935084712343,0.6511629198018625,0.20742726250118987,-0.010690288167965356,0.006149752032570012,-0.010973413200056209,0.0,0.0,0.0,0.0,0.0,0.0,0.0,0.0,0.0,0.0,0.0,0.0,-0.08583437651395798,-0.025183768942952156,-0.010352441109716892
0.0,0.0,0.0,LoadPallet,False,autonomous,False,0.0,0.0,0.0,0.0,0.0,0.0,0.0,-1,N/A,0.0,0.0,N/A,-1,N/A,0.0,0.0,N/A,-1,N/A,0.0,0.0,N/A,-1,N/A,0.0,0.0,N/A,-1,N/A,0.0,0.0,N/A,slot0,full,-6.608479964440088,0.13366449356369628,europalette_0,0,0,0,0,0,0,0,0,0,0,0,0,0,0,0,0,0,0,0.6000000238418579,0.0,0.0,0.0,0.0,0.0,0.0,0.0,0.0,0.0,0.0,0.6000000238418579,0.0,0.0,0.0,0.0,0.0,0.5570276975631714,-0.010568514466285706,0.0,-1.0699032548056913,-0.0020567846941178247,-0.029193013017745184,0.6588020608826923,0.2074336271090557,-0.01056851489474564,0.006094333287420024,-0.010973149023082097,0.0,0.0,0.0,0.0,0.0,0.0,0.0,0.0,0.0,0.0,0.0,0.0,-0.08583437651395798,-0.025183768942952156,-0.010352441109716892
0.0,0.0,0.0,LoadPallet,False,autonomous,False,0.0,0.0,0.0,0.0,0.0,0.0,0.0,-1,N/A,0.0,0.0,N/A,-1,N/A,0.0,0.0,N/A,-1,N/A,0.0,0.0,N/A,-1,N/A,0.0,0.0,N/A,-1,N/A,0.0,0.0,N/A,slot0,full,-6.608479964440088,0.13366449356369628,europalette_0,0,0,0,0,0,0,0,0,0,0,0,0,0,0,0,0,0,0,0.6000000238418579,0.0,0.0,0.0,0.0,0.0,0.0,0.0,0.0,0.0,0.0,0.6000000238418579,0.0,0.0,0.0,0.0,0.0,0.6184194087982178,-0.010470110923051834,0.0,-1.0815403293480896,-0.0021318549022065064,-0.029332159057209373,0.6526021720879669,0.2074272603086455,-0.010470111215654221,0.004154480588402072,-0.010972872272991735,0.0,0.0,0.0,0.0,0.0,0.0,0.0,0.0,0.0,0.0,0.0,0.0,-0.08583437651395798,-0.025183768942952156,-0.010352441109716892
0.0,0.0,0.0,LoadPallet,False,autonomous,False,0.0,0.0,0.0,0.0,0.0,0.0,0.0,-1,N/A,0.0,0.0,N/A,-1,N/A,0.0,0.0,N/A,-1,N/A,0.0,0.0,N/A,-1,N/A,0.0,0.0,N/A,-1,N/A,0.0,0.0,N/A,slot0,full,-6.608479964440088,0.13366449356369628,europalette_0,0,0,0,0,0,0,0,0,0,0,0,0,0,0,0,0,0,0,0.6000000238418579,0.0,0.0,0.0,0.0,0.0,0.0,0.0,0.0,0.0,0.0,0.6000000238418579,0.0,0.0,0.0,0.0,0.0,0.602855920791626,-0.010389505885541439,0.0,-1.0701983704089564,-0.0020599022163739072,-0.02920302251348661,0.6589049166719576,0.207430693737514,-0.010389505839199842,0.0037530265113442343,-0.010972611927894055,0.0,0.0,0.0,0.0,0.0,0.0,0.0,0.0,0.0,0.0,0.0,0.0,-0.08583437651395798,-0.025183768942952156,-0.010352441109716892
0.0,0.0,0.0,LoadPallet,False,autonomous,False,0.0,0.0,0.0,0.0,0.0,0.0,0.0,-1,N/A,0.0,0.0,N/A,-1,N/A,0.0,0.0,N/A,-1,N/A,0.0,0.0,N/A,-1,N/A,0.0,0.0,N/A,-1,N/A,0.0,0.0,N/A,slot0,full,-6.608479964440088,0.13366449356369628,europalette_0,0,0,0,0,0,0,0,0,0,0,0,0,0,0,0,0,0,0,0.6000000238418579,0.0,0.0,0.0,0.0,0.0,0.0,0.0,0.0,0.0,0.0,0.6000000238418579,0.0,0.0,0.0,0.0,0.0,0.5869832038879395,-0.010290808044373989,0.0,-1.0813042825272632,-0.0021430633952115447,-0.029330195528784908,0.6521852033434072,0.20743090169199027,-0.010290807644770084,0.005596494255431687,-0.010972333187642336,0.0,0.0,0.0,0.0,0.0,0.0,0.0,0.0,0.0,0.0,0.0,0.0,-0.08583437651395798,-0.025183768942952156,-0.010352441109716892
0.0,0.0,0.0,LoadPallet,False,autonomous,False,0.0,0.0,0.0,0.0,0.0,0.0,0.0,-1,N/A,0.0,0.0,N/A,-1,N/A,0.0,0.0,N/A,-1,N/A,0.0,0.0,N/A,-1,N/A,0.0,0.0,N/A,-1,N/A,0.0,0.0,N/A,slot0,full,-6.608479964440088,0.13366449356369628,europalette_0,0,0,0,0,0,0,0,0,0,0,0,0,0,0,0,0,0,0,0.6000000238418579,0.0,0.0,0.0,0.0,0.0,0.0,0.0,0.0,0.0,0.0,0.6000000238418579,0.0,0.0,0.0,0.0,0.0,0.5715258121490479,-0.010180595330893993,0.0,-1.0641357289618618,-0.0020204777476869884,-0.029133109748475938,0.6623204941284087,0.20743201296547045,-0.010180595730299835,0.00542556019931561,-0.010972064325308596,0.0,0.0,0.0,0.0,0.0,0.0,0.0,0.0,0.0,0.0,0.0,0.0,-0.08583437651395798,-0.025183768942952156,-0.010352441109716892
0.0,0.0,0.0,LoadPallet,False,autonomous,False,0.0,0.0,0.0,0.0,0.0,0.0,0.0,-1,N/A,0.0,0.0,N/A,-1,N/A,0.0,0.0,N/A,-1,N/A,0.0,0.0,N/A,-1,N/A,0.0,0.0,N/A,-1,N/A,0.0,0.0,N/A,slot0,full,-6.608479964440088,0.13366449356369628,europalette_0,0,0,0,0,0,0,0,0,0,0,0,0,0,0,0,0,0,0,0.6000000238418579,0.0,0.0,0.0,0.0,0.0,0.0,0.0,0.0,0.0,0.0,0.6000000238418579,0.0,0.0,0.0,0.0,0.0,0.5556579232215881,-0.01008697785437107,0.0,-1.0748130323856442,-0.0020955701212786865,-0.029255879464150814,0.6563092212926733,0.20743198514513295,-0.010086977723214652,0.004426707474349685,-0.010971820146673758,0.0,0.0,0.0,0.0,0.0,0.0,0.0,0.0,0.0,0.0,0.0,0.0,-0.08583437651395798,-0.025183768942952156,-0.010352441109716892
0.0,0.0,0.0,LoadPallet,False,autonomous,False,0.0,0.0,0.0,0.0,0.0,0.0,0.0,-1,N/A,0.0,0.0,N/A,-1,N/A,0.0,0.0,N/A,-1,N/A,0.0,0.0,N/A,-1,N/A,0.0,0.0,N/A,-1,N/A,0.0,0.0,N/A,slot0,full,-6.608479964440088,0.13366449356369628,europalette_0,0,0,0,0,0,0,0,0,0,0,0,0,0,0,0,0,0,0,0.6000000238418579,0.0,0.0,0.0,0.0,0.0,0.0,0.0,0.0,0.0,0.0,0.6000000238418579,0.0,0.0,0.0,0.0,0.0,0.6170434355735779,-0.010007545351982117,0.0,-1.0642710423197137,-0.0020242544961808773,-0.02912254801518016,0.6623539953900774,0.20743881742844858,-0.010007545602325862,0.0035941880622494884,-0.010971541461980233,0.0,0.0,0.0,0.0,0.0,0.0,0.0,0.0,0.0,0.0,0.0,0.0,-0.08583437651395798,-0.025183768942952156,-0.010352441109716892
0.0,0.0,0.0,LoadPallet,False,autonomous,False,0.0,0.0,0.0,0.0,0.0,0.0,0.0,-1,N/A,0.0,0.0,N/A,-1,N/A,0.0,0.0,N/A,-1,N/A,0.0,0.0,N/A,-1,N/A,0.0,0.0,N/A,-1,N/A,0.0,0.0,N/A,slot0,full,-6.608479964440088,0.13366449356369628,europalette_0,0,0,0,0,0,0,0,0,0,0,0,0,0,0,0,0,0,0,0.6000000238418579,0.0,0.0,0.0,0.0,0.0,0.0,0.0,0.0,0.0,0.0,0.6000000238418579,0.0,0.0,0.0,0.0,0.0,0.6017337441444397,-0.009886668995022774,0.0,-1.0758076799552239,-0.002115582326377763,-0.029260893842933677,0.6549738712186013,0.20743439680570175,-0.009886669411629079,0.007835804638077044,-0.010971230627624425,0.0,0.0,0.0,0.0,0.0,0.0,0.0,0.0,0.0,0.0,0.0,0.0,-0.08583437651395798,-0.025183768942952156,-0.010352441109716892
0.0,0.0,0.0,LoadPallet,False,autonomous,False,0.0,0.0,0.0,0.0,0.0,0.0,0.0,-1,N/A,0.0,0.0,N/A,-1,N/A,0.0,0.0,N/A,-1,N/A,0.0,0.0,N/A,-1,N/A,0.0,0.0,N/A,-1,N/A,0.0,0.0,N/A,slot0,full,-6.608479964440088,0.13366449356369628,europalette_0,0,0,0,0,0,0,0,0,0,0,0,0,0,0,0,0,0,0,0.6000000238418579,0.0,0.0,0.0,0.0,0.0,0.0,0.0,0.0,0.0,0.0,0.6000000238418579,0.0,0.0,0.0,0.0,0.0,0.5856040120124817,-0.00983232632279396,0.0,-1.0699752283833615,-0.002036152830129298,-0.02919990792488103,0.6619972353593369,0.20743626036954252,-0.009832325987931156,-0.002161482764416163,-0.010970981906709264,0.0,0.0,0.0,0.0,0.0,0.0,0.0,0.0,0.0,0.0,0.0,0.0,-0.08583437651395798,-0.025183768942952156,-0.010352441109716892
0.0,0.0,0.0,LoadPallet,False,autonomous,False,0.0,0.0,0.0,0.0,0.0,0.0,0.0,-1,N/A,0.0,0.0,N/A,-1,N/A,0.0,0.0,N/A,-1,N/A,0.0,0.0,N/A,-1,N/A,0.0,0.0,N/A,-1,N/A,0.0,0.0,N/A,slot0,full,-6.608479964440088,0.13366449356369628,europalette_0,0,0,0,0,0,0,0,0,0,0,0,0,0,0,0,0,0,0,0.6000000238418579,0.0,0.0,0.0,0.0,0.0,0.0,0.0,0.0,0.0,0.0,0.6000000238418579,0.0,0.0,0.0,0.0,0.0,0.5696747303009033,-0.009934185072779655,0.0,-1.0807546337095966,-0.0020246404036858845,-0.029323160056421216,0.6622589981975864,0.20743660440212228,-0.0099341847562755,-0.006142484973295116,-0.010970684565807258,0.0,0.0,0.0,0.0,0.0,0.0,0.0,0.0,0.0,0.0,0.0,0.0,-0.08583437651395798,-0.025183768942952156,-0.010352441109716892
0.0,0.0,0.0,LoadPallet,False,autonomous,False,0.0,0.0,0.0,0.0,0.0,0.0,0.0,-1,N/A,0.0,0.0,N/A,-1,N/A,0.0,0.0,N/A,-1,N/A,0.0,0.0,N/A,-1,N/A,0.0,0.0,N/A,-1,N/A,0.0,0.0,N/A,slot0,full,-6.608479964440088,0.13366449356369628,europalette_0,0,0,0,0,0,0,0,0,0,0,0,0,0,0,0,0,0,0,0.6000000238418579,0.0,0.0,0.0,0.0,0.0,0.0,0.0,0.0,0.0,0.0,0.6000000238418579,0.0,0.0,0.0,0.0,0.0,0.5539947748184204,-0.010057898238301277,0.0,-1.069865946677809,-0.0020263797288597174,-0.02919121335728414,0.662405498380366,0.2074444436572934,-0.010057898224848927,-0.006111264892404142,-0.010970359429596396,0.0,0.0,0.0,0.0,0.0,0.0,0.0,0.0,0.0,0.0,0.0,0.0,-0.08583437651395798,-0.025183768942952156,-0.010352441109716892
0.0,0.0,0.0,LoadPallet,False,autonomous,False,0.0,0.0,0.0,0.0,0.0,0.0,0.0,-1,N/A,0.0,0.0,N/A,-1,N/A,0.0,0.0,N/A,-1,N/A,0.0,0.0,N/A,-1,N/A,0.0,0.0,N/A,-1,N/A,0.0,0.0,N/A,slot0,full,-6.608479964440088,0.13366449356369628,europalette_0,0,0,0,0,0,0,0,0,0,0,0,0,0,0,0,0,0,0,0.6000000238418579,0.0,0.0,0.0,0.0,0.0,0.0,0.0,0.0,0.0,0.0,0.6000000238418579,0.0,0.0,0.0,0.0,0.0,0.615380048751831,-0.01011753361672163,0.0,-1.0814492279235548,-0.0020803467319287505,-0.029329483588067307,0.6581795989382897,0.2074382075117198,-0.010117534017847873,-0.0013589749858514944,-0.010970051662549234,0.0,0.0,0.0,0.0,0.0,0.0,0.0,0.0,0.0,0.0,0.0,0.0,-0.08583437651395798,-0.025183768942952156,-0.010352441109716892
0.0,0.0,0.0,LoadPallet,False,autonomous,False,0.0,0.0,0.0,0.0,0.0,0.0,0.0,-1,N/A,0.0,0.0,N/A,-1,N/A,0.0,0.0,N/A,-1,N/A,0.0,0.0,N/A,-1,N/A,0.0,0.0,N/A,-1,N/A,0.0,0.0,N/A,slot0,full,-6.608479964440088,0.13366449356369628,europalette_0,0,0,0,0,0,0,0,0,0,0,0,0,0,0,0,0,0,0,0.6000000238418579,0.0,0.0,0.0,0.0,0.0,0.0,0.0,0.0,0.0,0.0,0.6000000238418579,0.0,0.0,0.0,0.0,0.0,0.6000117063522339,-0.010079496540129185,0.0,-1.0701613765843563,-0.0020605696555678205,-0.02920299713335628,0.6595627318702668,0.20744071923885768,-0.010079496533337284,0.003219298698941426,-0.010969766954256964,0.0,0.0,0.0,0.0,0.0,0.0,0.0,0.0,0.0,0.0,0.0,0.0,-0.08583437651395798,-0.025183768942952156,-0.010352441109716892
0.0,0.0,0.0,LoadPallet,False,autonomous,False,0.0,0.0,0.0,0.0,0.0,0.0,0.0,-1,N/A,0.0,0.0,N/A,-1,N/A,0.0,0.0,N/A,-1,N/A,0.0,0.0,N/A,-1,N/A,0.0,0.0,N/A,-1,N/A,0.0,0.0,N/A,slot0,full,-6.608479964440088,0.13366449356369628,europalette_0,0,0,0,0,0,0,0,0,0,0,0,0,0,0,0,0,0,0,0.6000000238418579,0.0,0.0,0.0,0.0,0.0,0.0,0.0,0.0,0.0,0.0,0.6000000238418579,0.0,0.0,0.0,0.0,0.0,0.5841977596282959,-0.009988551959395409,0.0,-1.0812132554950136,-0.0021404930917173076,-0.029329389770602177,0.6533702787145046,0.20744116538881446,-0.009988551784597455,0.005954033695125903,-0.010969497239376192,0.0,0.0,0.0,0.0,0.0,0.0,0.0,0.0,0.0,0.0,0.0,0.0,-0.08583437651395798,-0.025183768942952156,-0.010352441109716892
0.0,0.0,0.0,LoadPallet,False,autonomous,False,0.0,0.0,0.0,0.0,0.0,0.0,0.0,-1,N/A,0.0,0.0,N/A,-1,N/A,0.0,0.0,N/A,-1,N/A,0.0,0.0,N/A,-1,N/A,0.0,0.0,N/A,-1,N/A,0.0,0.0,N/A,slot0,full,-6.608479964440088,0.13366449356369628,europalette_0,0,0,0,0,0,0,0,0,0,0,0,0,0,0,0,0,0,0,0.6000000238418579,0.0,0.0,0.0,0.0,0.0,0.0,0.0,0.0,0.0,0.0,0.6000000238418579,0.0,0.0,0.0,0.0,0.0,0.5685119032859802,-0.009950784035027027,0.0,-1.0641270833026466,-0.0020314355044402654,-0.02913284941478933,0.662668692029257,0.20744263811154195,-0.009950784419728187,-0.0011889137404002036,-0.010969214387308438,0.0,0.0,0.0,0.0,0.0,0.0,0.0,0.0,0.0,0.0,0.0,0.0,-0.08583437651395798,-0.025183768942952156,-0.010352441109716892
0.0,0.0,0.0,LoadPallet,False,autonomous,False,0.0,0.0,0.0,0.0,0.0,0.0,0.0,-1,N/A,0.0,0.0,N/A,-1,N/A,0.0,0.0,N/A,-1,N/A,0.0,0.0,N/A,-1,N/A,0.0,0.0,N/A,-1,N/A,0.0,0.0,N/A,slot0,full,-6.608479964440088,0.13366449356369628,europalette_0,0,0,0,0,0,0,0,0,0,0,0,0,0,0,0,0,0,0,0.6000000238418579,0.0,0.0,0.0,0.0,0.0,0.0,0.0,0.0,0.0,0.0,0.6000000238418579,0.0,0.0,0.0,0.0,0.0,0.5526163578033447,-0.010008328594267368,0.0,-1.0747498221133531,-0.0020469035517747397,-0.029255621033471346,0.660956826720053,0.20744190834311174,-0.01000832819629327,-0.003805189277950295,-0.010968893855077873,0.0,0.0,0.0,0.0,0.0,0.0,0.0,0.0,0.0,0.0,0.0,0.0,-0.08583437651395798,-0.025183768942952156,-0.010352441109716892
0.0,0.0,0.0,LoadPallet,False,autonomous,False,0.0,0.0,0.0,0.0,0.0,0.0,0.0,-1,N/A,0.0,0.0,N/A,-1,N/A,0.0,0.0,N/A,-1,N/A,0.0,0.0,N/A,-1,N/A,0.0,0.0,N/A,-1,N/A,0.0,0.0,N/A,slot0,full,-6.608479964440088,0.13366449356369628,europalette_0,0,0,0,0,0,0,0,0,0,0,0,0,0,0,0,0,0,0,0.6000000238418579,0.0,0.0,0.0,0.0,0.0,0.0,0.0,0.0,0.0,0.0,0.6000000238418579,0.0,0.0,0.0,0.0,0.0,0.614193856716156,-0.009993160143494606,0.0,-1.0642623584329787,-0.002024102083680021,-0.0291217689846775,0.6628139552832124,0.20744973505599815,-0.009993160251365651,0.002629339492610228,-0.010968597455308865,0.0,0.0,0.0,0.0,0.0,0.0,0.0,0.0,0.0,0.0,0.0,0.0,-0.08583437651395798,-0.025183768942952156,-0.010352441109716892
0.0,0.0,0.0,LoadPallet,False,autonomous,False,0.0,0.0,0.0,0.0,0.0,0.0,0.0,-1,N/A,0.0,0.0,N/A,-1,N/A,0.0,0.0,N/A,-1,N/A,0.0,0.0,N/A,-1,N/A,0.0,0.0,N/A,-1,N/A,0.0,0.0,N/A,slot0,full,-6.608479964440088,0.13366449356369628,europalette_0,0,0,0,0,0,0,0,0,0,0,0,0,0,0,0,0,0,0,0.6000000238418579,0.0,0.0,0.0,0.0,0.0,0.0,0.0,0.0,0.0,0.0,0.6000000238418579,0.0,0.0,0.0,0.0,0.0,0.5986209511756897,-0.010013707913458347,0.0,-1.08167039077341,-0.002084506720092194,-0.029326627365111213,0.6579132887888193,0.20744623371860926,-0.01001370745646124,-0.0035871997855177404,-0.01096830655838573,0.0,0.0,0.0,0.0,0.0,0.0,0.0,0.0,0.0,0.0,0.0,0.0,-0.08583437651395798,-0.025183768942952156,-0.010352441109716892
0.0,0.0,0.0,LoadPallet,False,autonomous,False,0.0,0.0,0.0,0.0,0.0,0.0,0.0,-1,N/A,0.0,0.0,N/A,-1,N/A,0.0,0.0,N/A,-1,N/A,0.0,0.0,N/A,-1,N/A,0.0,0.0,N/A,-1,N/A,0.0,0.0,N/A,slot0,full,-6.608479964440088,0.13366449356369628,europalette_0,0,0,0,0,0,0,0,0,0,0,0,0,0,0,0,0,0,0,0.6000000238418579,0.0,0.0,0.0,0.0,0.0,0.0,0.0,0.0,0.0,0.0,0.6000000238418579,0.0,0.0,0.0,0.0,0.0,0.5828346610069275,-0.010001984424889088,0.0,-1.0699391022824551,-0.002069319883453505,-0.029199444348879555,0.6593970606693063,0.20744707080277422,-0.010001983998151331,0.003274094963460548,-0.010968009698707069,0.0,0.0,0.0,0.0,0.0,0.0,0.0,0.0,0.0,0.0,0.0,0.0,-0.08583437651395798,-0.025183768942952156,-0.010352441109716892
0.0,0.0,0.0,LoadPallet,False,autonomous,False,0.0,0.0,0.0,0.0,0.0,0.0,0.0,-1,N/A,0.0,0.0,N/A,-1,N/A,0.0,0.0,N/A,-1,N/A,0.0,0.0,N/A,-1,N/A,0.0,0.0,N/A,-1,N/A,0.0,0.0,N/A,slot0,full,-6.608479964440088,0.13366449356369628,europalette_0,0,0,0,0,0,0,0,0,0,0,0,0,0,0,0,0,0,0,0.6000000238418579,0.0,0.0,0.0,0.0,0.0,0.0,0.0,0.0,0.0,0.0,0.6000000238418579,0.0,0.0,0.0,0.0,0.0,0.5673157572746277,-0.009890591725707054,0.0,-1.0806663501247291,-0.0021569671190220657,-0.029321686435367755,0.6525935833137169,0.20744778275015402,-0.009890591838503937,0.008151902211131337,-0.01096771081684636,0.0,0.0,0.0,0.0,0.0,0.0,0.0,0.0,0.0,0.0,0.0,0.0,-0.08583437651395798,-0.025183768942952156,-0.010352441109716892
0.0,0.0,0.0,LoadPallet,False,autonomous,False,0.0,0.0,0.0,0.0,0.0,0.0,0.0,-1,N/A,0.0,0.0,N/A,-1,N/A,0.0,0.0,N/A,-1,N/A,0.0,0.0,N/A,-1,N/A,0.0,0.0,N/A,-1,N/A,0.0,0.0,N/A,slot0,full,-6.608479964440088,0.13366449356369628,europalette_0,0,0,0,0,0,0,0,0,0,0,0,0,0,0,0,0,0,0,0.6000000238418579,0.0,0.0,0.0,0.0,0.0,0.0,0.0,0.0,0.0,0.0,0.6000000238418579,0.0,0.0,0.0,0.0,0.0,0.5514317154884338,-0.009831344708800316,0.0,-1.0698297877203382,-0.0020480589452778336,-0.029192805805667743,0.6618836540778261,0.20745433448362016,-0.009831344769844819,-0.0006751433495502204,-0.010967440024597656,0.0,0.0,0.0,0.0,0.0,0.0,0.0,0.0,0.0,0.0,0.0,0.0,-0.08583437651395798,-0.025183768942952156,-0.010352441109716892
0.0,0.0,0.0,LoadPallet,False,autonomous,False,0.0,0.0,0.0,0.0,0.0,0.0,0.0,-1,N/A,0.0,0.0,N/A,-1,N/A,0.0,0.0,N/A,-1,N/A,0.0,0.0,N/A,-1,N/A,0.0,0.0,N/A,-1,N/A,0.0,0.0,N/A,slot0,full,-6.608479964440088,0.13366449356369628,europalette_0,0,0,0,0,0,0,0,0,0,0,0,0,0,0,0,0,0,0,0.6000000238418579,0.0,0.0,0.0,0.0,0.0,0.0,0.0,0.0,0.0,0.0,0.6000000238418579,0.0,0.0,0.0,0.0,0.0,0.6128161549568176,-0.009926139377057552,0.0,-1.0813596519018382,-0.0020359018240972554,-0.029329603880073718,0.6622934085168879,0.2074490866778902,-0.009926139655968669,-0.006866710871246799,-0.01096715298363177,0.0,0.0,0.0,0.0,0.0,0.0,0.0,0.0,0.0,0.0,0.0,0.0,-0.08583437651395798,-0.025183768942952156,-0.010352441109716892
0.0,0.0,0.0,LoadPallet,False,autonomous,False,0.0,0.0,0.0,0.0,0.0,0.0,0.0,-1,N/A,0.0,0.0,N/A,-1,N/A,0.0,0.0,N/A,-1,N/A,0.0,0.0,N/A,-1,N/A,0.0,0.0,N/A,-1,N/A,0.0,0.0,N/A,slot0,full,-6.608479964440088,0.13366449356369628,europalette_0,0,0,0,0,0,0,0,0,0,0,0,0,0,0,0,0,0,0,0.6000000238418579,0.0,0.0,0.0,0.0,0.0,0.0,0.0,0.0,0.0,0.0,0.6000000238418579,0.0,0.0,0.0,0.0,0.0,0.5972334146499634,-0.010067416355013847,0.0,-1.070125088396228,-0.002044937088840945,-0.029201852825117558,0.6619244541421665,0.20745104456211289,-0.010067416409439645,-0.006753011192255279,-0.010966835426422256,0.0,0.0,0.0,0.0,0.0,0.0,0.0,0.0,0.0,0.0,0.0,0.0,-0.08583437651395798,-0.025183768942952156,-0.010352441109716892
0.0,0.0,0.0,LoadPallet,False,autonomous,False,0.0,0.0,0.0,0.0,0.0,0.0,0.0,-1,N/A,0.0,0.0,N/A,-1,N/A,0.0,0.0,N/A,-1,N/A,0.0,0.0,N/A,-1,N/A,0.0,0.0,N/A,-1,N/A,0.0,0.0,N/A,slot0,full,-6.608479964440088,0.13366449356369628,europalette_0,0,0,0,0,0,0,0,0,0,0,0,0,0,0,0,0,0,0,0.6000000238418579,0.0,0.0,0.0,0.0,0.0,0.0,0.0,0.0,0.0,0.0,0.6000000238418579,0.0,0.0,0.0,0.0,0.0,0.5815529227256775,-0.010081525892019272,0.0,-1.0753694204294746,-0.002083709684803786,-0.02926122295720851,0.6591061802913316,0.20745180256974585,-0.010081525475854392,0.0035447294363550735,-0.01096651462877307,0.0,0.0,0.0,0.0,0.0,0.0,0.0,0.0,0.0,0.0,0.0,0.0,-0.08583437651395798,-0.025183768942952156,-0.010352441109716892
0.0,0.0,0.0,LoadPallet,False,autonomous,False,0.0,0.0,0.0,0.0,0.0,0.0,0.0,-1,N/A,0.0,0.0,N/A,-1,N/A,0.0,0.0,N/A,-1,N/A,0.0,0.0,N/A,-1,N/A,0.0,0.0,N/A,-1,N/A,0.0,0.0,N/A,slot0,full,-6.608479964440088,0.13366449356369628,europalette_0,0,0,0,0,0,0,0,0,0,0,0,0,0,0,0,0,0,0,0.6000000238418579,0.0,0.0,0.0,0.0,0.0,0.0,0.0,0.0,0.0,0.0,0.6000000238418579,0.0,0.0,0.0,0.0,0.0,0.5657989978790283,-0.009965567849576473,0.0,-1.0641187742828828,-0.002035091662055219,-0.02913305673078992,0.6625182078816181,0.20745253753452567,-0.009965568302357397,0.008098744775850777,-0.010966237704408093,0.0,0.0,0.0,0.0,0.0,0.0,0.0,0.0,0.0,0.0,0.0,0.0,-0.08583437651395798,-0.025183768942952156,-0.010352441109716892
0.0,0.0,0.0,LoadPallet,False,autonomous,False,0.0,0.0,0.0,0.0,0.0,0.0,0.0,-1,N/A,0.0,0.0,N/A,-1,N/A,0.0,0.0,N/A,-1,N/A,0.0,0.0,N/A,-1,N/A,0.0,0.0,N/A,-1,N/A,0.0,0.0,N/A,slot0,full,-6.608479964440088,0.13366449356369628,europalette_0,0,0,0,0,0,0,0,0,0,0,0,0,0,0,0,0,0,0,0.6000000238418579,0.0,0.0,0.0,0.0,0.0,0.0,0.0,0.0,0.0,0.0,0.6000000238418579,0.0,0.0,0.0,0.0,0.0,0.5499947667121887,-0.009914944879710674,0.0,-1.074689710329273,-0.002089831157746025,-0.029253112125683933,0.6581465407432461,0.2074539100473038,-0.00991494445927188,-0.0016991941910105193,-0.010965975537080369,0.0,0.0,0.0,0.0,0.0,0.0,0.0,0.0,0.0,0.0,0.0,0.0,-0.08583437651395798,-0.025183768942952156,-0.010352441109716892
0.0,0.0,0.0,LoadPallet,False,autonomous,False,0.0,0.0,0.0,0.0,0.0,0.0,0.0,-1,N/A,0.0,0.0,N/A,-1,N/A,0.0,0.0,N/A,-1,N/A,0.0,0.0,N/A,-1,N/A,0.0,0.0,N/A,-1,N/A,0.0,0.0,N/A,slot0,full,-6.608479964440088,0.13366449356369628,europalette_0,0,0,0,0,0,0,0,0,0,0,0,0,0,0,0,0,0,0,0.6000000238418579,0.0,0.0,0.0,0.0,0.0,0.0,0.0,0.0,0.0,0.0,0.6000000238418579,0.0,0.0,0.0,0.0,0.0,0.6114566326141357,-0.010013803839683533,0.0,-1.0642541171963815,-0.002038221581531524,-0.02912192420322529,0.6630510532092444,0.20745985866512756,-0.01001380343463687,-0.006258065043561133,-0.010965683225662333,0.0,0.0,0.0,0.0,0.0,0.0,0.0,0.0,0.0,0.0,0.0,0.0,-0.08583437651395798,-0.025183768942952156,-0.010352441109716892
0.0,0.0,0.0,LoadPallet,False,autonomous,False,0.0,0.0,0.0,0.0,0.0,0.0,0.0,-1,N/A,0.0,0.0,N/A,-1,N/A,0.0,0.0,N/A,-1,N/A,0.0,0.0,N/A,-1,N/A,0.0,0.0,N/A,-1,N/A,0.0,0.0,N/A,slot0,full,-6.608479964440088,0.13366449356369628,europalette_0,0,0,0,0,0,0,0,0,0,0,0,0,0,0,0,0,0,0,0.6000000238418579,0.0,0.0,0.0,0.0,0.0,0.0,0.0,0.0,0.0,0.0,0.6000000238418579,0.0,0.0,0.0,0.0,0.0,0.5956855416297913,-0.010019159875810146,0.0,-1.0815829207078433,-0.002140069738820277,-0.029325606523379122,0.6547594692592043,0.20745655520420028,-0.010019159710625836,0.004431061433599346,-0.010965351325076948,0.0,0.0,0.0,0.0,0.0,0.0,0.0,0.0,0.0,0.0,0.0,0.0,-0.08583437651395798,-0.025183768942952156,-0.010352441109716892
0.0,0.0,0.0,LoadPallet,False,autonomous,False,0.0,0.0,0.0,0.0,0.0,0.0,0.0,-1,N/A,0.0,0.0,N/A,-1,N/A,0.0,0.0,N/A,-1,N/A,0.0,0.0,N/A,-1,N/A,0.0,0.0,N/A,-1,N/A,0.0,0.0,N/A,slot0,full,-6.608479964440088,0.13366449356369628,europalette_0,0,0,0,0,0,0,0,0,0,0,0,0,0,0,0,0,0,0,0.6000000238418579,0.0,0.0,0.0,0.0,0.0,0.0,0.0,0.0,0.0,0.0,0.6000000238418579,0.0,0.0,0.0,0.0,0.0,0.5800214409828186,-0.009861735627055168,0.0,-1.0699032133471968,-0.0020885029577798753,-0.02919950744697164,0.6585358979166642,0.20745662625702746,-0.009861735415467088,0.009989766417033178,-0.010965057149624455,0.0,0.0,0.0,0.0,0.0,0.0,0.0,0.0,0.0,0.0,0.0,0.0,-0.08583437651395798,-0.025183768942952156,-0.010352441109716892
0.0,0.0,0.0,LoadPallet,False,autonomous,False,0.0,0.0,0.0,0.0,0.0,0.0,0.0,-1,N/A,0.0,0.0,N/A,-1,N/A,0.0,0.0,N/A,-1,N/A,0.0,0.0,N/A,-1,N/A,0.0,0.0,N/A,-1,N/A,0.0,0.0,N/A,slot0,full,-6.608479964440088,0.13366449356369628,europalette_0,0,0,0,0,0,0,0,0,0,0,0,0,0,0,0,0,0,0,0.6000000238418579,0.0,0.0,0.0,0.0,0.0,0.0,0.0,0.0,0.0,0.0,0.6000000238418579,0.0,0.0,0.0,0.0,0.0,0.5643212199211121,-0.009750301018357277,0.0,-1.0805772622186556,-0.00213369047279921,-0.029319302657387136,0.6549693887923809,0.20745918809057437,-0.009750301390433869,0.0014214002518661765,-0.01096477462754548,0.0,0.0,0.0,0.0,0.0,0.0,0.0,0.0,0.0,0.0,0.0,0.0,-0.08583437651395798,-0.025183768942952156,-0.010352441109716892
0.0,0.0,0.0,LoadPallet,False,autonomous,False,0.0,0.0,0.0,0.0,0.0,0.0,0.0,-1,N/A,0.0,0.0,N/A,-1,N/A,0.0,0.0,N/A,-1,N/A,0.0,0.0,N/A,-1,N/A,0.0,0.0,N/A,-1,N/A,0.0,0.0,N/A,slot0,full,-6.608479964440088,0.13366449356369628,europalette_0,0,0,0,0,0,0,0,0,0,0,0,0,0,0,0,0,0,0,0.6000000238418579,0.0,0.0,0.0,0.0,0.0,0.0,0.0,0.0,0.0,0.0,0.6000000238418579,0.0,0.0,0.0,0.0,0.0,0.5484070777893066,-0.009808122180402279,0.0,-1.0697934773505713,-0.0020522185250404085,-0.029190431332418942,0.6624624816361688,0.20746505608703086,-0.009808122004070441,-0.005216417442251292,-0.010964490581875543,0.0,0.0,0.0,0.0,0.0,0.0,0.0,0.0,0.0,0.0,0.0,0.0,-0.08583437651395798,-0.025183768942952156,-0.010352441109716892
0.0,0.0,0.0,LoadPallet,False,autonomous,False,0.0,0.0,0.0,0.0,0.0,0.0,0.0,-1,N/A,0.0,0.0,N/A,-1,N/A,0.0,0.0,N/A,-1,N/A,0.0,0.0,N/A,-1,N/A,0.0,0.0,N/A,-1,N/A,0.0,0.0,N/A,slot0,full,-6.608479964440088,0.13366449356369628,europalette_0,0,0,0,0,0,0,0,0,0,0,0,0,0,0,0,0,0,0,0.6000000238418579,0.0,0.0,0.0,0.0,0.0,0.0,0.0,0.0,0.0,0.0,0.6000000238418579,0.0,0.0,0.0,0.0,0.0,0.6100473403930664,-0.009922387078404427,0.0,-1.081270417049648,-0.0020419418102361614,-0.029327040492800438,0.6628229954456231,0.20745941702366427,-0.009922387230933083,-0.007058163206326079,-0.010964192467982203,0.0,0.0,0.0,0.0,0.0,0.0,0.0,0.0,0.0,0.0,0.0,0.0,-0.08583437651395798,-0.025183768942952156,-0.010352441109716892
0.0,0.0,0.0,LoadPallet,False,autonomous,False,0.0,0.0,0.0,0.0,0.0,0.0,0.0,-1,N/A,0.0,0.0,N/A,-1,N/A,0.0,0.0,N/A,-1,N/A,0.0,0.0,N/A,-1,N/A,0.0,0.0,N/A,-1,N/A,0.0,0.0,N/A,slot0,full,-6.608479964440088,0.13366449356369628,europalette_0,0,0,0,0,0,0,0,0,0,0,0,0,0,0,0,0,0,0,0.6000000238418579,0.0,0.0,0.0,0.0,0.0,0.0,0.0,0.0,0.0,0.0,0.6000000238418579,0.0,0.0,0.0,0.0,0.0,0.5944662690162659,-0.01006215438246727,0.0,-1.0700888293552673,-0.002054604198112389,-0.02920162273965493,0.6618963153835011,0.20746218492568155,-0.010062154134921286,-0.00683570678175887,-0.010963875535329164,0.0,0.0,0.0,0.0,0.0,0.0,0.0,0.0,0.0,0.0,0.0,0.0,-0.08583437651395798,-0.025183768942952156,-0.010352441109716892
0.0,0.0,0.0,LoadPallet,False,autonomous,False,0.0,0.0,0.0,0.0,0.0,0.0,0.0,-1,N/A,0.0,0.0,N/A,-1,N/A,0.0,0.0,N/A,-1,N/A,0.0,0.0,N/A,-1,N/A,0.0,0.0,N/A,-1,N/A,0.0,0.0,N/A,slot0,full,-6.608479964440088,0.13366449356369628,europalette_0,0,0,0,0,0,0,0,0,0,0,0,0,0,0,0,0,0,0,0.6000000238418579,0.0,0.0,0.0,0.0,0.0,0.0,0.0,0.0,0.0,0.0,0.6000000238418579,0.0,0.0,0.0,0.0,0.0,0.5784633159637451,-0.010067599825561047,0.0,-1.0810357489579703,-0.0021450406636348285,-0.029326711949881734,0.6548920764861919,0.2074626423178468,-0.010067600175985625,0.004411186025668642,-0.0109635555687193,0.0,0.0,0.0,0.0,0.0,0.0,0.0,0.0,0.0,0.0,0.0,0.0,-0.08583437651395798,-0.025183768942952156,-0.010352441109716892
0.0,0.0,0.0,LoadPallet,False,autonomous,False,0.0,0.0,0.0,0.0,0.0,0.0,0.0,-1,N/A,0.0,0.0,N/A,-1,N/A,0.0,0.0,N/A,-1,N/A,0.0,0.0,N/A,-1,N/A,0.0,0.0,N/A,-1,N/A,0.0,0.0,N/A,slot0,full,-6.608479964440088,0.13366449356369628,europalette_0,0,0,0,0,0,0,0,0,0,0,0,0,0,0,0,0,0,0,0.6000000238418579,0.0,0.0,0.0,0.0,0.0,0.0,0.0,0.0,0.0,0.0,0.6000000238418579,0.0,0.0,0.0,0.0,0.0,0.5627884864807129,-0.009910386987030506,0.0,-1.0696807470022067,-0.0020900304366498618,-0.029193913260244175,0.6588457140278194,0.20746455407437558,-0.009910387017145084,0.009794096351450168,-0.010963265066185125,0.0,0.0,0.0,0.0,0.0,0.0,0.0,0.0,0.0,0.0,0.0,0.0,-0.08583437651395798,-0.025183768942952156,-0.010352441109716892
0.0,0.0,0.0,LoadPallet,False,autonomous,False,0.0,0.0,0.0,0.0,0.0,0.0,0.0,-1,N/A,0.0,0.0,N/A,-1,N/A,0.0,0.0,N/A,-1,N/A,0.0,0.0,N/A,-1,N/A,0.0,0.0,N/A,-1,N/A,0.0,0.0,N/A,slot0,full,-6.608479964440088,0.13366449356369628,europalette_0,0,0,0,0,0,0,0,0,0,0,0,0,0,0,0,0,0,0,0.6000000238418579,0.0,0.0,0.0,0.0,0.0,0.0,0.0,0.0,0.0,0.0,0.6000000238418579,0.0,0.0,0.0,0.0,0.0,0.5473353266716003,-0.009814606979489326,0.0,-1.0803297642875993,-0.002131565396990706,-0.029310916414218124,0.6555062972369967,0.20747000782040143,-0.00981460669483969,0.0008455288396413468,-0.010962991547216522,0.0,0.0,0.0,0.0,0.0,0.0,0.0,0.0,0.0,0.0,0.0,0.0,-0.08583437651395798,-0.025183768942952156,-0.010352441109716892
0.0,0.0,0.0,LoadPallet,False,autonomous,False,0.0,0.0,0.0,0.0,0.0,0.0,0.0,-1,N/A,0.0,0.0,N/A,-1,N/A,0.0,0.0,N/A,-1,N/A,0.0,0.0,N/A,-1,N/A,0.0,0.0,N/A,-1,N/A,0.0,0.0,N/A,slot0,full,-6.608479964440088,0.13366449356369628,europalette_0,0,0,0,0,0,0,0,0,0,0,0,0,0,0,0,0,0,0,0.6000000238418579,0.0,0.0,0.0,0.0,0.0,0.0,0.0,0.0,0.0,0.0,0.6000000238418579,0.0,0.0,0.0,0.0,0.0,0.6086174845695496,-0.009871493093669415,0.0,-1.0702746807744319,-0.0020522121804591176,-0.02919668936929537,0.6628738862937666,0.20746436378356362,-0.009871492791061698,-0.005883485094734086,-0.010962710462572902,0.0,0.0,0.0,0.0,0.0,0.0,0.0,0.0,0.0,0.0,0.0,0.0,-0.08583437651395798,-0.025183768942952156,-0.010352441109716892
0.0,0.0,0.0,LoadPallet,False,autonomous,False,0.0,0.0,0.0,0.0,0.0,0.0,0.0,-1,N/A,0.0,0.0,N/A,-1,N/A,0.0,0.0,N/A,-1,N/A,0.0,0.0,N/A,-1,N/A,0.0,0.0,N/A,-1,N/A,0.0,0.0,N/A,slot0,full,-6.608479964440088,0.13366449356369628,europalette_0,0,0,0,0,0,0,0,0,0,0,0,0,0,0,0,0,0,0,0.6000000238418579,0.0,0.0,0.0,0.0,0.0,0.0,0.0,0.0,0.0,0.0,0.6000000238418579,0.0,0.0,0.0,0.0,0.0,0.5930991768836975,-0.010003408417105675,0.0,-1.0814931536142947,-0.0020622814621344826,-0.029324928642608827,0.6616170365395817,0.20746648005721346,-0.010003408561159333,-0.00661956161015035,-0.010962403200938503,0.0,0.0,0.0,0.0,0.0,0.0,0.0,0.0,0.0,0.0,0.0,0.0,-0.08583437651395798,-0.025183768942952156,-0.010352441109716892
0.0,0.0,0.0,LoadPallet,False,autonomous,False,0.0,0.0,0.0,0.0,0.0,0.0,0.0,-1,N/A,0.0,0.0,N/A,-1,N/A,0.0,0.0,N/A,-1,N/A,0.0,0.0,N/A,-1,N/A,0.0,0.0,N/A,-1,N/A,0.0,0.0,N/A,slot0,full,-6.608479964440088,0.13366449356369628,europalette_0,0,0,0,0,0,0,0,0,0,0,0,0,0,0,0,0,0,0,0.6000000238418579,0.0,0.0,0.0,0.0,0.0,0.0,0.0,0.0,0.0,0.0,0.6000000238418579,0.0,0.0,0.0,0.0,0.0,0.5770978331565857,-0.009998929686844349,0.0,-1.0698670012886167,-0.0020736808996636436,-0.0291966061654228,0.6602480420689858,0.20746833611294832,-0.009998929996059225,0.005296154894000591,-0.010962063711855596,0.0,0.0,0.0,0.0,0.0,0.0,0.0,0.0,0.0,0.0,0.0,0.0,-0.08583437651395798,-0.025183768942952156,-0.010352441109716892
0.0,0.0,0.0,LoadPallet,False,autonomous,False,0.0,0.0,0.0,0.0,0.0,0.0,0.0,-1,N/A,0.0,0.0,N/A,-1,N/A,0.0,0.0,N/A,-1,N/A,0.0,0.0,N/A,-1,N/A,0.0,0.0,N/A,-1,N/A,0.0,0.0,N/A,slot0,full,-6.608479964440088,0.13366449356369628,europalette_0,0,0,0,0,0,0,0,0,0,0,0,0,0,0,0,0,0,0,0.6000000238418579,0.0,0.0,0.0,0.0,0.0,0.0,0.0,0.0,0.0,0.0,0.6000000238418579,0.0,0.0,0.0,0.0,0.0,0.561443567276001,-0.00996517576277256,0.0,-1.0749324145845351,-0.0020990772336414304,-0.029254835655757927,0.6585740870453662,0.20746799531468413,-0.009965176119777652,-0.001499180665555708,-0.010961777061828888,0.0,0.0,0.0,0.0,0.0,0.0,0.0,0.0,0.0,0.0,0.0,0.0,-0.08583437651395798,-0.025183768942952156,-0.010352441109716892
0.0,0.0,0.0,LoadPallet,False,autonomous,False,0.0,0.0,0.0,0.0,0.0,0.0,0.0,-1,N/A,0.0,0.0,N/A,-1,N/A,0.0,0.0,N/A,-1,N/A,0.0,0.0,N/A,-1,N/A,0.0,0.0,N/A,-1,N/A,0.0,0.0,N/A,slot0,full,-6.608479964440088,0.13366449356369628,europalette_0,0,0,0,0,0,0,0,0,0,0,0,0,0,0,0,0,0,0,0.6000000238418579,0.0,0.0,0.0,0.0,0.0,0.0,0.0,0.0,0.0,0.0,0.6000000238418579,0.0,0.0,0.0,0.0,0.0,0.5457205176353455,-0.01003161072731018,0.0,-1.0640703145418176,-0.002051451779880628,-0.02913227572760868,0.6629708630079847,0.20746810220354972,-0.01003161063133362,-0.00446416678859296,-0.010961454676454005,0.0,0.0,0.0,0.0,0.0,0.0,0.0,0.0,0.0,0.0,0.0,0.0,-0.08583437651395798,-0.025183768942952156,-0.010352441109716892
0.0,0.0,0.0,LoadPallet,False,autonomous,False,0.0,0.0,0.0,0.0,0.0,0.0,0.0,-1,N/A,0.0,0.0,N/A,-1,N/A,0.0,0.0,N/A,-1,N/A,0.0,0.0,N/A,-1,N/A,0.0,0.0,N/A,-1,N/A,0.0,0.0,N/A,slot0,full,-6.608479964440088,0.13366449356369628,europalette_0,0,0,0,0,0,0,0,0,0,0,0,0,0,0,0,0,0,0,0.6000000238418579,0.0,0.0,0.0,0.0,0.0,0.0,0.0,0.0,0.0,0.0,0.6000000238418579,0.0,0.0,0.0,0.0,0.0,0.6071221232414246,-0.010011411271989346,0.0,-1.075168362702426,-0.0021097933412163594,-0.02925095195595323,0.6583737428259155,0.20747594936003785,-0.010011411180673946,0.0032963920669620375,-0.010961146123083366,0.0,0.0,0.0,0.0,0.0,0.0,0.0,0.0,0.0,0.0,0.0,0.0,-0.08583437651395798,-0.025183768942952156,-0.010352441109716892
0.0,0.0,0.0,LoadPallet,False,autonomous,False,0.0,0.0,0.0,0.0,0.0,0.0,0.0,-1,N/A,0.0,0.0,N/A,-1,N/A,0.0,0.0,N/A,-1,N/A,0.0,0.0,N/A,-1,N/A,0.0,0.0,N/A,-1,N/A,0.0,0.0,N/A,slot0,full,-6.608479964440088,0.13366449356369628,europalette_0,0,0,0,0,0,0,0,0,0,0,0,0,0,0,0,0,0,0,0.6000000238418579,0.0,0.0,0.0,0.0,0.0,0.0,0.0,0.0,0.0,0.0,0.6000000238418579,0.0,0.0,0.0,0.0,0.0,0.591584324836731,-0.009890370070934296,0.0,-1.0700535678843854,-0.0020947164105851873,-0.02920008922583256,0.659186019003414,0.20747261597164562,-0.009890369909859587,0.008745272061762399,-0.010960870708923699,0.0,0.0,0.0,0.0,0.0,0.0,0.0,0.0,0.0,0.0,0.0,0.0,-0.08583437651395798,-0.025183768942952156,-0.010352441109716892
0.0,0.0,0.0,LoadPallet,False,autonomous,False,0.0,0.0,0.0,0.0,0.0,0.0,0.0,-1,N/A,0.0,0.0,N/A,-1,N/A,0.0,0.0,N/A,-1,N/A,0.0,0.0,N/A,-1,N/A,0.0,0.0,N/A,-1,N/A,0.0,0.0,N/A,slot0,full,-6.608479964440088,0.13366449356369628,europalette_0,0,0,0,0,0,0,0,0,0,0,0,0,0,0,0,0,0,0,0.6000000238418579,0.0,0.0,0.0,0.0,0.0,0.0,0.0,0.0,0.0,0.0,0.6000000238418579,0.0,0.0,0.0,0.0,0.0,0.5759145021438599,-0.009817978367209435,0.0,-1.0809480619706466,-0.002130328682679622,-0.029324250879903424,0.6562861426234008,0.20747348291983797,-0.009817978641818215,-0.00019482575184437802,-0.010960598874530915,0.0,0.0,0.0,0.0,0.0,0.0,0.0,0.0,0.0,0.0,0.0,0.0,-0.08583437651395798,-0.025183768942952156,-0.010352441109716892
0.0,0.0,0.0,LoadPallet,False,autonomous,False,0.0,0.0,0.0,0.0,0.0,0.0,0.0,-1,N/A,0.0,0.0,N/A,-1,N/A,0.0,0.0,N/A,-1,N/A,0.0,0.0,N/A,-1,N/A,0.0,0.0,N/A,-1,N/A,0.0,0.0,N/A,slot0,full,-6.608479964440088,0.13366449356369628,europalette_0,0,0,0,0,0,0,0,0,0,0,0,0,0,0,0,0,0,0,0.6000000238418579,0.0,0.0,0.0,0.0,0.0,0.0,0.0,0.0,0.0,0.0,0.6000000238418579,0.0,0.0,0.0,0.0,0.0,0.560014009475708,-0.00988271739333868,0.0,-1.0696447867754069,-0.0020612346844125495,-0.029195254942882443,0.6626815609693608,0.20747311882774516,-0.009882717507746719,-0.0047563036788020084,-0.01096030559222166,0.0,0.0,0.0,0.0,0.0,0.0,0.0,0.0,0.0,0.0,0.0,0.0,-0.08583437651395798,-0.025183768942952156,-0.010352441109716892
0.0,0.0,0.0,LoadPallet,False,autonomous,False,0.0,0.0,0.0,0.0,0.0,0.0,0.0,-1,N/A,0.0,0.0,N/A,-1,N/A,0.0,0.0,N/A,-1,N/A,0.0,0.0,N/A,-1,N/A,0.0,0.0,N/A,-1,N/A,0.0,0.0,N/A,slot0,full,-6.608479964440088,0.13366449356369628,europalette_0,0,0,0,0,0,0,0,0,0,0,0,0,0,0,0,0,0,0,0.6000000238418579,0.0,0.0,0.0,0.0,0.0,0.0,0.0,0.0,0.0,0.0,0.6000000238418579,0.0,0.0,0.0,0.0,0.0,0.5443563461303711,-0.009985191747546196,0.0,-1.0802415267314336,-0.0020557646818938208,-0.029310166296534768,0.6627678928629166,0.20748004308830073,-0.009985191691908923,-0.00525570510752514,-0.01095997852506622,0.0,0.0,0.0,0.0,0.0,0.0,0.0,0.0,0.0,0.0,0.0,0.0,-0.08583437651395798,-0.025183768942952156,-0.010352441109716892
0.0,0.0,0.0,LoadPallet,False,autonomous,False,0.0,0.0,0.0,0.0,0.0,0.0,0.0,-1,N/A,0.0,0.0,N/A,-1,N/A,0.0,0.0,N/A,-1,N/A,0.0,0.0,N/A,-1,N/A,0.0,0.0,N/A,-1,N/A,0.0,0.0,N/A,slot0,full,-6.608479964440088,0.13366449356369628,europalette_0,0,0,0,0,0,0,0,0,0,0,0,0,0,0,0,0,0,0,0.6000000238418579,0.0,0.0,0.0,0.0,0.0,0.0,0.0,0.0,0.0,0.0,0.6000000238418579,0.0,0.0,0.0,0.0,0.0,0.6057130098342896,-0.01012516487389803,0.0,-1.0702392286376092,-0.002065411701059075,-0.029195982834151868,0.6622059119983419,0.20747388980683615,-0.010125165233887401,-0.008272195298331172,-0.010959658864048077,0.0,0.0,0.0,0.0,0.0,0.0,0.0,0.0,0.0,0.0,0.0,0.0,-0.08583437651395798,-0.025183768942952156,-0.010352441109716892
0.0,0.0,0.0,LoadPallet,False,autonomous,False,0.0,0.0,0.0,0.0,0.0,0.0,0.0,-1,N/A,0.0,0.0,N/A,-1,N/A,0.0,0.0,N/A,-1,N/A,0.0,0.0,N/A,-1,N/A,0.0,0.0,N/A,-1,N/A,0.0,0.0,N/A,slot0,full,-6.608479964440088,0.13366449356369628,europalette_0,0,0,0,0,0,0,0,0,0,0,0,0,0,0,0,0,0,0,0.6000000238418579,0.0,0.0,0.0,0.0,0.0,0.0,0.0,0.0,0.0,0.0,0.6000000238418579,0.0,0.0,0.0,0.0,0.0,0.5901618599891663,-0.010137997567653656,0.0,-1.0755630791794175,-0.002106959981158049,-0.02925716100797071,0.6590414871469363,0.20747527853749756,-0.010137997473881555,0.0050811512858191755,-0.01095931460553945,0.0,0.0,0.0,0.0,0.0,0.0,0.0,0.0,0.0,0.0,0.0,0.0,-0.08583437651395798,-0.025183768942952156,-0.010352441109716892
0.0,0.0,0.0,LoadPallet,False,autonomous,False,0.0,0.0,0.0,0.0,0.0,0.0,0.0,-1,N/A,0.0,0.0,N/A,-1,N/A,0.0,0.0,N/A,-1,N/A,0.0,0.0,N/A,-1,N/A,0.0,0.0,N/A,-1,N/A,0.0,0.0,N/A,slot0,full,-6.608479964440088,0.13366449356369628,europalette_0,0,0,0,0,0,0,0,0,0,0,0,0,0,0,0,0,0,0,0.6000000238418579,0.0,0.0,0.0,0.0,0.0,0.0,0.0,0.0,0.0,0.0,0.6000000238418579,0.0,0.0,0.0,0.0,0.0,0.5743705630302429,-0.00995815359055996,0.0,-1.069831459564183,-0.002106007301654833,-0.029195902551690467,0.6585410754376824,0.20747902777010457,-0.009958153201814923,0.011143455768976854,-0.010959023505526898,0.0,0.0,0.0,0.0,0.0,0.0,0.0,0.0,0.0,0.0,0.0,0.0,-0.08583437651395798,-0.025183768942952156,-0.010352441109716892
0.0,0.0,0.0,LoadPallet,False,autonomous,False,0.0,0.0,0.0,0.0,0.0,0.0,0.0,-1,N/A,0.0,0.0,N/A,-1,N/A,0.0,0.0,N/A,-1,N/A,0.0,0.0,N/A,-1,N/A,0.0,0.0,N/A,-1,N/A,0.0,0.0,N/A,slot0,full,-6.608479964440088,0.13366449356369628,europalette_0,0,0,0,0,0,0,0,0,0,0,0,0,0,0,0,0,0,0,0.6000000238418579,0.0,0.0,0.0,0.0,0.0,0.0,0.0,0.0,0.0,0.0,0.6000000238418579,0.0,0.0,0.0,0.0,0.0,0.5589339733123779,-0.009844920597970486,0.0,-1.0748834830414653,-0.0021350787550526024,-0.029254395261408328,0.6562775668209042,0.2074784226687043,-0.009844920765799792,0.001338340866946289,-0.010958753348265364,0.0,0.0,0.0,0.0,0.0,0.0,0.0,0.0,0.0,0.0,0.0,0.0,-0.08583437651395798,-0.025183768942952156,-0.010352441109716892
0.0,0.0,0.0,LoadPallet,False,autonomous,False,0.0,0.0,0.0,0.0,0.0,0.0,0.0,-1,N/A,0.0,0.0,N/A,-1,N/A,0.0,0.0,N/A,-1,N/A,0.0,0.0,N/A,-1,N/A,0.0,0.0,N/A,-1,N/A,0.0,0.0,N/A,slot0,full,-6.608479964440088,0.13366449356369628,europalette_0,0,0,0,0,0,0,0,0,0,0,0,0,0,0,0,0,0,0,0.6000000238418579,0.0,0.0,0.0,0.0,0.0,0.0,0.0,0.0,0.0,0.0,0.6000000238418579,0.0,0.0,0.0,0.0,0.0,0.6200222969055176,-0.009898669086396694,0.0,-1.0642800823687688,-0.002063216765430878,-0.0291205997469286,0.6630952929392606,0.20748497495521256,-0.009898669169823293,-0.00660063529955149,-0.010958472284728954,0.0,0.0,0.0,0.0,0.0,0.0,0.0,0.0,0.0,0.0,0.0,0.0,-0.08583437651395798,-0.025183768942952156,-0.010352441109716892
0.0,0.0,0.0,LoadPallet,False,autonomous,False,0.0,0.0,0.0,0.0,0.0,0.0,0.0,-1,N/A,0.0,0.0,N/A,-1,N/A,0.0,0.0,N/A,-1,N/A,0.0,0.0,N/A,-1,N/A,0.0,0.0,N/A,-1,N/A,0.0,0.0,N/A,slot0,full,-6.608479964440088,0.13366449356369628,europalette_0,0,0,0,0,0,0,0,0,0,0,0,0,0,0,0,0,0,0,0.6000000238418579,0.0,0.0,0.0,0.0,0.0,0.0,0.0,0.0,0.0,0.0,0.6000000238418579,0.0,0.0,0.0,0.0,0.0,0.6044563055038452,-0.010035521350800991,0.0,-1.0758769460205482,-0.0020532487408876365,-0.02926100303743645,0.6633091274055687,0.20747927565536364,-0.0100355209188141,-0.006863155057392398,-0.010958144367028376,0.0,0.0,0.0,0.0,0.0,0.0,0.0,0.0,0.0,0.0,0.0,0.0,-0.08583437651395798,-0.025183768942952156,-0.010352441109716892
0.0,0.0,0.0,LoadPallet,False,autonomous,False,0.0,0.0,0.0,0.0,0.0,0.0,0.0,-1,N/A,0.0,0.0,N/A,-1,N/A,0.0,0.0,N/A,-1,N/A,0.0,0.0,N/A,-1,N/A,0.0,0.0,N/A,-1,N/A,0.0,0.0,N/A,slot0,full,-6.608479964440088,0.13366449356369628,europalette_0,0,0,0,0,0,0,0,0,0,0,0,0,0,0,0,0,0,0,0.6000000238418579,0.0,0.0,0.0,0.0,0.0,0.0,0.0,0.0,0.0,0.0,0.6000000238418579,0.0,0.0,0.0,0.0,0.0,0.5886789560317993,-0.010022541508078575,0.0,-1.0641876900452916,-0.0020528684140292686,-0.029132551124160078,0.6629594631172893,0.20748189035864156,-0.010022541465215085,0.006247878290994642,-0.010957802170660964,0.0,0.0,0.0,0.0,0.0,0.0,0.0,0.0,0.0,0.0,0.0,0.0,-0.08583437651395798,-0.025183768942952156,-0.010352441109716892
0.0,0.0,0.0,LoadPallet,False,autonomous,False,0.0,0.0,0.0,0.0,0.0,0.0,0.0,-1,N/A,0.0,0.0,N/A,-1,N/A,0.0,0.0,N/A,-1,N/A,0.0,0.0,N/A,-1,N/A,0.0,0.0,N/A,-1,N/A,0.0,0.0,N/A,slot0,full,-6.608479964440088,0.13366449356369628,europalette_0,0,0,0,0,0,0,0,0,0,0,0,0,0,0,0,0,0,0,0.6000000238418579,0.0,0.0,0.0,0.0,0.0,0.0,0.0,0.0,0.0,0.0,0.6000000238418579,0.0,0.0,0.0,0.0,0.0,0.5730006098747253,-0.009827855043113232,0.0,-1.0808595836120611,-0.00222903873055863,-0.0293225172947143,0.6495129373076622,0.2074831460606556,-0.009827855497713145,0.01228940115011991,-0.01095751129747072,0.0,0.0,0.0,0.0,0.0,0.0,0.0,0.0,0.0,0.0,0.0,0.0,-0.08583437651395798,-0.025183768942952156,-0.010352441109716892
0.0,0.0,0.0,LoadPallet,False,autonomous,False,0.0,0.0,0.0,0.0,0.0,0.0,0.0,-1,N/A,0.0,0.0,N/A,-1,N/A,0.0,0.0,N/A,-1,N/A,0.0,0.0,N/A,-1,N/A,0.0,0.0,N/A,-1,N/A,0.0,0.0,N/A,slot0,full,-6.608479964440088,0.13366449356369628,europalette_0,0,0,0,0,0,0,0,0,0,0,0,0,0,0,0,0,0,0,0.6000000238418579,0.0,0.0,0.0,0.0,0.0,0.0,0.0,0.0,0.0,0.0,0.6000000238418579,0.0,0.0,0.0,0.0,0.0,0.5572558045387268,-0.009725385345518589,0.0,-1.0699080263621505,-0.0020984011225809174,-0.02919221361939217,0.6605659045386005,0.2074899869319842,-0.00972538580839366,0.0011916571185452748,-0.010957241589382948,0.0,0.0,0.0,0.0,0.0,0.0,0.0,0.0,0.0,0.0,0.0,0.0,-0.08583437651395798,-0.025183768942952156,-0.010352441109716892
0.0,0.0,0.0,LoadPallet,False,autonomous,False,0.0,0.0,0.0,0.0,0.0,0.0,0.0,-1,N/A,0.0,0.0,N/A,-1,N/A,0.0,0.0,N/A,-1,N/A,0.0,0.0,N/A,-1,N/A,0.0,0.0,N/A,-1,N/A,0.0,0.0,N/A,slot0,full,-6.608479964440088,0.13366449356369628,europalette_0,0,0,0,0,0,0,0,0,0,0,0,0,0,0,0,0,0,0,0.6000000238418579,0.0,0.0,0.0,0.0,0.0,0.0,0.0,0.0,0.0,0.0,0.6000000238418579,0.0,0.0,0.0,0.0,0.0,0.6190126538276672,-0.009747419506311417,0.0,-1.0815525054690154,-0.0021074023630380107,-0.029331037085848055,0.6592523595022328,0.207484038443424,-0.009747419606610741,-0.00316205761520479,-0.01095695767357755,0.0,0.0,0.0,0.0,0.0,0.0,0.0,0.0,0.0,0.0,0.0,0.0,-0.08583437651395798,-0.025183768942952156,-0.010352441109716892
0.0,0.0,0.0,LoadPallet,False,autonomous,False,0.0,0.0,0.0,0.0,0.0,0.0,0.0,-1,N/A,0.0,0.0,N/A,-1,N/A,0.0,0.0,N/A,-1,N/A,0.0,0.0,N/A,-1,N/A,0.0,0.0,N/A,-1,N/A,0.0,0.0,N/A,slot0,full,-6.608479964440088,0.13366449356369628,europalette_0,0,0,0,0,0,0,0,0,0,0,0,0,0,0,0,0,0,0,0.6000000238418579,0.0,0.0,0.0,0.0,0.0,0.0,0.0,0.0,0.0,0.0,0.6000000238418579,0.0,0.0,0.0,0.0,0.0,0.6034447550773621,-0.00982794351875782,0.0,-1.0702030073479776,-0.0020704451744482794,-0.029203704853441925,0.6626155381442231,0.20748687952674955,-0.009827943349962176,-0.004567549858733517,-0.010956642000427784,0.0,0.0,0.0,0.0,0.0,0.0,0.0,0.0,0.0,0.0,0.0,0.0,-0.08583437651395798,-0.025183768942952156,-0.010352441109716892
0.0,0.0,0.0,LoadPallet,False,autonomous,False,0.0,0.0,0.0,0.0,0.0,0.0,0.0,-1,N/A,0.0,0.0,N/A,-1,N/A,0.0,0.0,N/A,-1,N/A,0.0,0.0,N/A,-1,N/A,0.0,0.0,N/A,-1,N/A,0.0,0.0,N/A,slot0,full,-6.608479964440088,0.13366449356369628,europalette_0,0,0,0,0,0,0,0,0,0,0,0,0,0,0,0,0,0,0,0.6000000238418579,0.0,0.0,0.0,0.0,0.0,0.0,0.0,0.0,0.0,0.0,0.6000000238418579,0.0,0.0,0.0,0.0,0.0,0.5876370668411255,-0.009924185462296009,0.0,-1.0813163433216006,-0.002077885269989213,-0.029330597260015745,0.6618183508769846,0.20748745180518044,-0.009924185019730025,-0.005166337598958325,-0.010956319079999133,0.0,0.0,0.0,0.0,0.0,0.0,0.0,0.0,0.0,0.0,0.0,0.0,-0.08583437651395798,-0.025183768942952156,-0.010352441109716892
0.0,0.0,0.0,LoadPallet,False,autonomous,False,0.0,0.0,0.0,0.0,0.0,0.0,0.0,-1,N/A,0.0,0.0,N/A,-1,N/A,0.0,0.0,N/A,-1,N/A,0.0,0.0,N/A,-1,N/A,0.0,0.0,N/A,-1,N/A,0.0,0.0,N/A,slot0,full,-6.608479964440088,0.13366449356369628,europalette_0,0,0,0,0,0,0,0,0,0,0,0,0,0,0,0,0,0,0,0.6000000238418579,0.0,0.0,0.0,0.0,0.0,0.0,0.0,0.0,0.0,0.0,0.6000000238418579,0.0,0.0,0.0,0.0,0.0,0.5719552040100098,-0.010028949938714504,0.0,-1.0697948801181019,-0.002083693273680312,-0.029198240348586424,0.6614486031759554,0.20748825868819137,-0.010028950111309776,-0.005466383147862854,-0.01095599157114478,0.0,0.0,0.0,0.0,0.0,0.0,0.0,0.0,0.0,0.0,0.0,0.0,-0.08583437651395798,-0.025183768942952156,-0.010352441109716892
0.0,0.0,0.0,LoadPallet,False,autonomous,False,0.0,0.0,0.0,0.0,0.0,0.0,0.0,-1,N/A,0.0,0.0,N/A,-1,N/A,0.0,0.0,N/A,-1,N/A,0.0,0.0,N/A,-1,N/A,0.0,0.0,N/A,-1,N/A,0.0,0.0,N/A,slot0,full,-6.608479964440088,0.13366449356369628,europalette_0,0,0,0,0,0,0,0,0,0,0,0,0,0,0,0,0,0,0,0.6000000238418579,0.0,0.0,0.0,0.0,0.0,0.0,0.0,0.0,0.0,0.0,0.6000000238418579,0.0,0.0,0.0,0.0,0.0,0.5558981895446777,-0.00999393593519926,0.0,-1.0748221062806236,-0.002132356800115337,-0.029255479134434492,0.6578827313616387,0.20748872461873746,-0.009993935478545879,0.006469022381864053,-0.010955671029663333,0.0,0.0,0.0,0.0,0.0,0.0,0.0,0.0,0.0,0.0,0.0,0.0,-0.08583437651395798,-0.025183768942952156,-0.010352441109716892
0.0,0.0,0.0,LoadPallet,False,autonomous,False,0.0,0.0,0.0,0.0,0.0,0.0,0.0,-1,N/A,0.0,0.0,N/A,-1,N/A,0.0,0.0,N/A,-1,N/A,0.0,0.0,N/A,-1,N/A,0.0,0.0,N/A,-1,N/A,0.0,0.0,N/A,slot0,full,-6.608479964440088,0.13366449356369628,europalette_0,0,0,0,0,0,0,0,0,0,0,0,0,0,0,0,0,0,0,0.6000000238418579,0.0,0.0,0.0,0.0,0.0,0.0,0.0,0.0,0.0,0.0,0.6000000238418579,0.0,0.0,0.0,0.0,0.0,0.6172568798065186,-0.009957555681467056,0.0,-1.0642716699129933,-0.0020699139930867305,-0.029120663920135625,0.6630740776303128,0.20749531933088447,-0.009957555949878127,-0.0038445604400212537,-0.010955389385446006,0.0,0.0,0.0,0.0,0.0,0.0,0.0,0.0,0.0,0.0,0.0,0.0,-0.08583437651395798,-0.025183768942952156,-0.010352441109716892
0.0,0.0,0.0,LoadPallet,False,autonomous,False,0.0,0.0,0.0,0.0,0.0,0.0,0.0,-1,N/A,0.0,0.0,N/A,-1,N/A,0.0,0.0,N/A,-1,N/A,0.0,0.0,N/A,-1,N/A,0.0,0.0,N/A,-1,N/A,0.0,0.0,N/A,slot0,full,-6.608479964440088,0.13366449356369628,europalette_0,0,0,0,0,0,0,0,0,0,0,0,0,0,0,0,0,0,0,0.6000000238418579,0.0,0.0,0.0,0.0,0.0,0.0,0.0,0.0,0.0,0.0,0.6000000238418579,0.0,0.0,0.0,0.0,0.0,0.6016908884048462,-0.010052981786429882,0.0,-1.0758161188319502,-0.0020758446314597667,-0.029260236703179343,0.6621283468347201,0.20748983639427385,-0.010052981726468957,-0.005302085201905241,-0.01095506021068595,0.0,0.0,0.0,0.0,0.0,0.0,0.0,0.0,0.0,0.0,0.0,0.0,-0.08583437651395798,-0.025183768942952156,-0.010352441109716892
0.0,0.0,0.0,LoadPallet,False,autonomous,False,0.0,0.0,0.0,0.0,0.0,0.0,0.0,-1,N/A,0.0,0.0,N/A,-1,N/A,0.0,0.0,N/A,-1,N/A,0.0,0.0,N/A,-1,N/A,0.0,0.0,N/A,-1,N/A,0.0,0.0,N/A,slot0,full,-6.608479964440088,0.13366449356369628,europalette_0,0,0,0,0,0,0,0,0,0,0,0,0,0,0,0,0,0,0,0.6000000238418579,0.0,0.0,0.0,0.0,0.0,0.0,0.0,0.0,0.0,0.0,0.6000000238418579,0.0,0.0,0.0,0.0,0.0,0.5862966775894165,-0.010011755861341953,0.0,-1.0641793804989144,-0.002063110570981644,-0.029134096774321383,0.6628748676984344,0.2074920804030648,-0.01001175580997593,0.007751799068148574,-0.010954732536170967,0.0,0.0,0.0,0.0,0.0,0.0,0.0,0.0,0.0,0.0,0.0,0.0,-0.08583437651395798,-0.025183768942952156,-0.010352441109716892
0.0,0.0,0.0,LoadPallet,False,autonomous,False,0.0,0.0,0.0,0.0,0.0,0.0,0.0,-1,N/A,0.0,0.0,N/A,-1,N/A,0.0,0.0,N/A,-1,N/A,0.0,0.0,N/A,-1,N/A,0.0,0.0,N/A,-1,N/A,0.0,0.0,N/A,slot0,full,-6.608479964440088,0.13366449356369628,europalette_0,0,0,0,0,0,0,0,0,0,0,0,0,0,0,0,0,0,0,0.6000000238418579,0.0,0.0,0.0,0.0,0.0,0.0,0.0,0.0,0.0,0.0,0.6000000238418579,0.0,0.0,0.0,0.0,0.0,0.5703642964363098,-0.009799567051231861,0.0,-1.07512641429396,-0.002198013042493757,-0.029258096920235177,0.6526992187390022,0.20749340591784365,-0.009799567388899533,0.0129472720841681,-0.01095445555243586,0.0,0.0,0.0,0.0,0.0,0.0,0.0,0.0,0.0,0.0,0.0,0.0,-0.08583437651395798,-0.025183768942952156,-0.010352441109716892
0.0,0.0,0.0,LoadPallet,False,autonomous,False,0.0,0.0,0.0,0.0,0.0,0.0,0.0,-1,N/A,0.0,0.0,N/A,-1,N/A,0.0,0.0,N/A,-1,N/A,0.0,0.0,N/A,-1,N/A,0.0,0.0,N/A,-1,N/A,0.0,0.0,N/A,slot0,full,-6.608479964440088,0.13366449356369628,europalette_0,0,0,0,0,0,0,0,0,0,0,0,0,0,0,0,0,0,0,0.6000000238418579,0.0,0.0,0.0,0.0,0.0,0.0,0.0,0.0,0.0,0.0,0.6000000238418579,0.0,0.0,0.0,0.0,0.0,0.5545015931129456,-0.009649624116718769,0.0,-1.0698719522548217,-0.0021152522024992307,-0.029191060485332043,0.6598737210871946,0.20750139500098247,-0.009649624202434204,0.004089359369434465,-0.010954154263866681,0.0,0.0,0.0,0.0,0.0,0.0,0.0,0.0,0.0,0.0,0.0,0.0,-0.08583437651395798,-0.025183768942952156,-0.010352441109716892
0.0,0.0,0.0,LoadPallet,False,autonomous,False,0.0,0.0,0.0,0.0,0.0,0.0,0.0,-1,N/A,0.0,0.0,N/A,-1,N/A,0.0,0.0,N/A,-1,N/A,0.0,0.0,N/A,-1,N/A,0.0,0.0,N/A,-1,N/A,0.0,0.0,N/A,slot0,full,-6.608479964440088,0.13366449356369628,europalette_0,0,0,0,0,0,0,0,0,0,0,0,0,0,0,0,0,0,0,0.6000000238418579,0.0,0.0,0.0,0.0,0.0,0.0,0.0,0.0,0.0,0.0,0.6000000238418579,0.0,0.0,0.0,0.0,0.0,0.6160628199577332,-0.009632699191570282,0.0,-1.0814637341779818,-0.0021270803714692893,-0.029330049603083108,0.6583181221344603,0.20749467773328667,-0.009632699550050638,-0.002985639604231274,-0.010953874503608414,0.0,0.0,0.0,0.0,0.0,0.0,0.0,0.0,0.0,0.0,0.0,0.0,-0.08583437651395798,-0.025183768942952156,-0.010352441109716892
0.0,0.0,0.0,LoadPallet,False,autonomous,False,0.0,0.0,0.0,0.0,0.0,0.0,0.0,-1,N/A,0.0,0.0,N/A,-1,N/A,0.0,0.0,N/A,-1,N/A,0.0,0.0,N/A,-1,N/A,0.0,0.0,N/A,-1,N/A,0.0,0.0,N/A,slot0,full,-6.608479964440088,0.13366449356369628,europalette_0,0,0,0,0,0,0,0,0,0,0,0,0,0,0,0,0,0,0,0.6000000238418579,0.0,0.0,0.0,0.0,0.0,0.0,0.0,0.0,0.0,0.0,0.6000000238418579,0.0,0.0,0.0,0.0,0.0,0.6006501317024231,-0.009714676067233086,0.0,-1.0701667087341313,-0.0020799688955265225,-0.029203407472350618,0.662664014386678,0.207497376261113,-0.009714676183670612,-0.004696664286041339,-0.010953567542214972,0.0,0.0,0.0,0.0,0.0,0.0,0.0,0.0,0.0,0.0,0.0,0.0,-0.08583437651395798,-0.025183768942952156,-0.010352441109716892
0.0,0.0,0.0,LoadPallet,False,autonomous,False,0.0,0.0,0.0,0.0,0.0,0.0,0.0,-1,N/A,0.0,0.0,N/A,-1,N/A,0.0,0.0,N/A,-1,N/A,0.0,0.0,N/A,-1,N/A,0.0,0.0,N/A,-1,N/A,0.0,0.0,N/A,slot0,full,-6.608479964440088,0.13366449356369628,europalette_0,0,0,0,0,0,0,0,0,0,0,0,0,0,0,0,0,0,0,0.6000000238418579,0.0,0.0,0.0,0.0,0.0,0.0,0.0,0.0,0.0,0.0,0.6000000238418579,0.0,0.0,0.0,0.0,0.0,0.584842324256897,-0.00981285609304905,0.0,-1.081227012821885,-0.002084823144362577,-0.0293296750305313,0.6620085241037827,0.20749796078515295,-0.0098128563557216,-0.005209164065423085,-0.010953244864153987,0.0,0.0,0.0,0.0,0.0,0.0,0.0,0.0,0.0,0.0,0.0,0.0,-0.08583437651395798,-0.025183768942952156,-0.010352441109716892
0.0,0.0,0.0,LoadPallet,False,autonomous,False,0.0,0.0,0.0,0.0,0.0,0.0,0.0,-1,N/A,0.0,0.0,N/A,-1,N/A,0.0,0.0,N/A,-1,N/A,0.0,0.0,N/A,-1,N/A,0.0,0.0,N/A,-1,N/A,0.0,0.0,N/A,slot0,full,-6.608479964440088,0.13366449356369628,europalette_0,0,0,0,0,0,0,0,0,0,0,0,0,0,0,0,0,0,0,0.6000000238418579,0.0,0.0,0.0,0.0,0.0,0.0,0.0,0.0,0.0,0.0,0.6000000238418579,0.0,0.0,0.0,0.0,0.0,0.5691559910774231,-0.009918003343045712,0.0,-1.0697582214025605,-0.0020714360937678575,-0.029197622014895508,0.6631880472345131,0.20749906379518737,-0.009918003286638388,-0.005435856738791964,-0.010952917287604218,0.0,0.0,0.0,0.0,0.0,0.0,0.0,0.0,0.0,0.0,0.0,0.0,-0.08583437651395798,-0.025183768942952156,-0.010352441109716892
0.0,0.0,0.0,LoadPallet,False,autonomous,False,0.0,0.0,0.0,0.0,0.0,0.0,0.0,-1,N/A,0.0,0.0,N/A,-1,N/A,0.0,0.0,N/A,-1,N/A,0.0,0.0,N/A,-1,N/A,0.0,0.0,N/A,-1,N/A,0.0,0.0,N/A,slot0,full,-6.608479964440088,0.13366449356369628,europalette_0,0,0,0,0,0,0,0,0,0,0,0,0,0,0,0,0,0,0,0.6000000238418579,0.0,0.0,0.0,0.0,0.0,0.0,0.0,0.0,0.0,0.0,0.6000000238418579,0.0,0.0,0.0,0.0,0.0,0.5534553527832031,-0.010026116855442524,0.0,-1.080521290305298,-0.002091582904981029,-0.02931527757324459,0.6614886765059964,0.2075051094810238,-0.010026116641928873,-0.00552915361588482,-0.010952587347053764,0.0,0.0,0.0,0.0,0.0,0.0,0.0,0.0,0.0,0.0,0.0,0.0,-0.08583437651395798,-0.025183768942952156,-0.010352441109716892
0.0,0.0,0.0,LoadPallet,False,autonomous,False,0.0,0.0,0.0,0.0,0.0,0.0,0.0,-1,N/A,0.0,0.0,N/A,-1,N/A,0.0,0.0,N/A,-1,N/A,0.0,0.0,N/A,-1,N/A,0.0,0.0,N/A,-1,N/A,0.0,0.0,N/A,slot0,full,-6.608479964440088,0.13366449356369628,europalette_0,0,0,0,0,0,0,0,0,0,0,0,0,0,0,0,0,0,0,0.6000000238418579,0.0,0.0,0.0,0.0,0.0,0.0,0.0,0.0,0.0,0.0,0.6000000238418579,0.0,0.0,0.0,0.0,0.0,0.6148773431777954,-0.010031230747699738,0.0,-1.0642632913030052,-0.0020676675660980734,-0.02912233445445156,0.6631275776272219,0.20750569973151,-0.010031230883908115,0.003953873917466799,-0.010952262028684734,0.0,0.0,0.0,0.0,0.0,0.0,0.0,0.0,0.0,0.0,0.0,0.0,-0.08583437651395798,-0.025183768942952156,-0.010352441109716892
0.0,0.0,0.0,LoadPallet,False,autonomous,False,0.0,0.0,0.0,0.0,0.0,0.0,0.0,-1,N/A,0.0,0.0,N/A,-1,N/A,0.0,0.0,N/A,-1,N/A,0.0,0.0,N/A,-1,N/A,0.0,0.0,N/A,-1,N/A,0.0,0.0,N/A,slot0,full,-6.608479964440088,0.13366449356369628,europalette_0,0,0,0,0,0,0,0,0,0,0,0,0,0,0,0,0,0,0,0.6000000238418579,0.0,0.0,0.0,0.0,0.0,0.0,0.0,0.0,0.0,0.0,0.6000000238418579,0.0,0.0,0.0,0.0,0.0,0.5990651249885559,-0.009867342188954353,0.0,-1.0757558237059737,-0.0021893997851847383,-0.02926009315573974,0.6539545719434443,0.20750137477864714,-0.009867342460773365,0.011604492995972557,-0.010951974494238967,0.0,0.0,0.0,0.0,0.0,0.0,0.0,0.0,0.0,0.0,0.0,0.0,-0.08583437651395798,-0.025183768942952156,-0.010352441109716892
0.0,0.0,0.0,LoadPallet,False,autonomous,False,0.0,0.0,0.0,0.0,0.0,0.0,0.0,-1,N/A,0.0,0.0,N/A,-1,N/A,0.0,0.0,N/A,-1,N/A,0.0,0.0,N/A,-1,N/A,0.0,0.0,N/A,-1,N/A,0.0,0.0,N/A,slot0,full,-6.608479964440088,0.13366449356369628,europalette_0,0,0,0,0,0,0,0,0,0,0,0,0,0,0,0,0,0,0,0.6000000238418579,0.0,0.0,0.0,0.0,0.0,0.0,0.0,0.0,0.0,0.0,0.6000000238418579,0.0,0.0,0.0,0.0,0.0,0.583106279373169,-0.009736909531056881,0.0,-1.064170886590909,-0.0020868367706696547,-0.02913324295100006,0.6625669012241815,0.20750226531953228,-0.009736909378187164,0.003290936069739773,-0.010951671167925047,0.0,0.0,0.0,0.0,0.0,0.0,0.0,0.0,0.0,0.0,0.0,0.0,-0.08583437651395798,-0.025183768942952156,-0.010352441109716892
0.0,0.0,0.0,LoadPallet,False,autonomous,False,0.0,0.0,0.0,0.0,0.0,0.0,0.0,-1,N/A,0.0,0.0,N/A,-1,N/A,0.0,0.0,N/A,-1,N/A,0.0,0.0,N/A,-1,N/A,0.0,0.0,N/A,-1,N/A,0.0,0.0,N/A,slot0,full,-6.608479964440088,0.13366449356369628,europalette_0,0,0,0,0,0,0,0,0,0,0,0,0,0,0,0,0,0,0,0.6000000238418579,0.0,0.0,0.0,0.0,0.0,0.0,0.0,0.0,0.0,0.0,0.6000000238418579,0.0,0.0,0.0,0.0,0.0,0.567414402961731,-0.009713648818433285,0.0,-1.0750637794144557,-0.0021259772413613626,-0.029256977050829747,0.6589550476936381,0.20750339547539598,-0.009713648388249396,-0.0005104232932741323,-0.010951347721929888,0.0,0.0,0.0,0.0,0.0,0.0,0.0,0.0,0.0,0.0,0.0,0.0,-0.08583437651395798,-0.025183768942952156,-0.010352441109716892
0.0,0.0,0.0,LoadPallet,False,autonomous,False,0.0,0.0,0.0,0.0,0.0,0.0,0.0,-1,N/A,0.0,0.0,N/A,-1,N/A,0.0,0.0,N/A,-1,N/A,0.0,0.0,N/A,-1,N/A,0.0,0.0,N/A,-1,N/A,0.0,0.0,N/A,slot0,full,-6.608479964440088,0.13366449356369628,europalette_0,0,0,0,0,0,0,0,0,0,0,0,0,0,0,0,0,0,0,0.6000000238418579,0.0,0.0,0.0,0.0,0.0,0.0,0.0,0.0,0.0,0.0,0.6000000238418579,0.0,0.0,0.0,0.0,0.0,0.5517141819000244,-0.009745311923325062,0.0,-1.064087895762233,-0.002080180602999235,-0.029132469072771228,0.6630731772431204,0.20750402077003338,-0.009745312052451993,-0.00248309227629723,-0.010951019548876041,0.0,0.0,0.0,0.0,0.0,0.0,0.0,0.0,0.0,0.0,0.0,0.0,-0.08583437651395798,-0.025183768942952156,-0.010352441109716892
0.0,0.0,0.0,LoadPallet,False,autonomous,False,0.0,0.0,0.0,0.0,0.0,0.0,0.0,-1,N/A,0.0,0.0,N/A,-1,N/A,0.0,0.0,N/A,-1,N/A,0.0,0.0,N/A,-1,N/A,0.0,0.0,N/A,-1,N/A,0.0,0.0,N/A,slot0,full,-6.608479964440088,0.13366449356369628,europalette_0,0,0,0,0,0,0,0,0,0,0,0,0,0,0,0,0,0,0,0.6000000238418579,0.0,0.0,0.0,0.0,0.0,0.0,0.0,0.0,0.0,0.0,0.6000000238418579,0.0,0.0,0.0,0.0,0.0,0.6133232116699219,-0.009816382080316544,0.0,-1.0752990234095412,-0.002093557694594468,-0.029251922582911538,0.6618056646657635,0.20751242965384586,-0.009816381845684674,-0.005567074925195925,-0.01095071681400378,0.0,0.0,0.0,0.0,0.0,0.0,0.0,0.0,0.0,0.0,0.0,0.0,-0.08583437651395798,-0.025183768942952156,-0.010352441109716892
0.0,0.0,0.0,LoadPallet,False,autonomous,False,0.0,0.0,0.0,0.0,0.0,0.0,0.0,-1,N/A,0.0,0.0,N/A,-1,N/A,0.0,0.0,N/A,-1,N/A,0.0,0.0,N/A,-1,N/A,0.0,0.0,N/A,-1,N/A,0.0,0.0,N/A,slot0,full,-6.608479964440088,0.13366449356369628,europalette_0,0,0,0,0,0,0,0,0,0,0,0,0,0,0,0,0,0,0,0.6000000238418579,0.0,0.0,0.0,0.0,0.0,0.0,0.0,0.0,0.0,0.0,0.6000000238418579,0.0,0.0,0.0,0.0,0.0,0.5975466370582581,-0.009934630244970322,0.0,-1.0701305878123168,-0.00207784766157576,-0.029202121893563027,0.6632637196130702,0.2075073531582973,-0.009934630499440544,-0.005964863057221234,-0.010950392829331485,0.0,0.0,0.0,0.0,0.0,0.0,0.0,0.0,0.0,0.0,0.0,0.0,-0.08583437651395798,-0.025183768942952156,-0.010352441109716892
0.0,0.0,0.0,LoadPallet,False,autonomous,False,0.0,0.0,0.0,0.0,0.0,0.0,0.0,-1,N/A,0.0,0.0,N/A,-1,N/A,0.0,0.0,N/A,-1,N/A,0.0,0.0,N/A,-1,N/A,0.0,0.0,N/A,-1,N/A,0.0,0.0,N/A,slot0,full,-6.608479964440088,0.13366449356369628,europalette_0,0,0,0,0,0,0,0,0,0,0,0,0,0,0,0,0,0,0,0.6000000238418579,0.0,0.0,0.0,0.0,0.0,0.0,0.0,0.0,0.0,0.0,0.6000000238418579,0.0,0.0,0.0,0.0,0.0,0.5817464590072632,-0.01005406491458416,0.0,-1.0811389596991665,-0.0021041217890385502,-0.029326694722198732,0.6610340997306423,0.20750902382592132,-0.010054065338147566,-0.005973167898383499,-0.010950061093224791,0.0,0.0,0.0,0.0,0.0,0.0,0.0,0.0,0.0,0.0,0.0,0.0,-0.08583437651395798,-0.025183768942952156,-0.010352441109716892
0.0,0.0,0.0,LoadPallet,False,autonomous,False,0.0,0.0,0.0,0.0,0.0,0.0,0.0,-1,N/A,0.0,0.0,N/A,-1,N/A,0.0,0.0,N/A,-1,N/A,0.0,0.0,N/A,-1,N/A,0.0,0.0,N/A,-1,N/A,0.0,0.0,N/A,slot0,full,-6.608479964440088,0.13366449356369628,europalette_0,0,0,0,0,0,0,0,0,0,0,0,0,0,0,0,0,0,0,0.6000000238418579,0.0,0.0,0.0,0.0,0.0,0.0,0.0,0.0,0.0,0.0,0.6000000238418579,0.0,0.0,0.0,0.0,0.0,0.5665579438209534,-0.01001886185258627,0.0,-1.0697230809296556,-0.0021311157990418564,-0.02919753078387921,0.6583920599609598,0.20750933245851513,-0.010018861969560255,0.006930655278089714,-0.010949742451703836,0.0,0.0,0.0,0.0,0.0,0.0,0.0,0.0,0.0,0.0,0.0,0.0,-0.08583437651395798,-0.025183768942952156,-0.010352441109716892
0.0,0.0,0.0,LoadPallet,False,autonomous,False,0.0,0.0,0.0,0.0,0.0,0.0,0.0,-1,N/A,0.0,0.0,N/A,-1,N/A,0.0,0.0,N/A,-1,N/A,0.0,0.0,N/A,-1,N/A,0.0,0.0,N/A,-1,N/A,0.0,0.0,N/A,slot0,full,-6.608479964440088,0.13366449356369628,europalette_0,0,0,0,0,0,0,0,0,0,0,0,0,0,0,0,0,0,0,0.6000000238418579,0.0,0.0,0.0,0.0,0.0,0.0,0.0,0.0,0.0,0.0,0.6000000238418579,0.0,0.0,0.0,0.0,0.0,0.550581157207489,-0.009805765934288502,0.0,-1.0804351049224552,-0.002254357205324277,-0.029313752719533348,0.6492304902266142,0.20751628062408764,-0.009805765497911345,0.01222384815580103,-0.010949469790055991,0.0,0.0,0.0,0.0,0.0,0.0,0.0,0.0,0.0,0.0,0.0,0.0,-0.08583437651395798,-0.025183768942952156,-0.010352441109716892
0.0,0.0,0.0,LoadPallet,False,autonomous,False,0.0,0.0,0.0,0.0,0.0,0.0,0.0,-1,N/A,0.0,0.0,N/A,-1,N/A,0.0,0.0,N/A,-1,N/A,0.0,0.0,N/A,-1,N/A,0.0,0.0,N/A,-1,N/A,0.0,0.0,N/A,slot0,full,-6.608479964440088,0.13366449356369628,europalette_0,0,0,0,0,0,0,0,0,0,0,0,0,0,0,0,0,0,0,0.6000000238418579,0.0,0.0,0.0,0.0,0.0,0.0,0.0,0.0,0.0,0.0,0.6000000238418579,0.0,0.0,0.0,0.0,0.0,0.6117037534713745,-0.00972371269017458,0.0,-1.0703167347128693,-0.0021075735041874433,-0.029195710898632266,0.6618541095235742,0.20751075276765002,-0.009723712726298572,-0.0023809090085983573,-0.010949199831874364,0.0,0.0,0.0,0.0,0.0,0.0,0.0,0.0,0.0,0.0,0.0,0.0,-0.08583437651395798,-0.025183768942952156,-0.010352441109716892
0.0,0.0,0.0,LoadPallet,False,autonomous,False,0.0,0.0,0.0,0.0,0.0,0.0,0.0,-1,N/A,0.0,0.0,N/A,-1,N/A,0.0,0.0,N/A,-1,N/A,0.0,0.0,N/A,-1,N/A,0.0,0.0,N/A,-1,N/A,0.0,0.0,N/A,slot0,full,-6.608479964440088,0.13366449356369628,europalette_0,0,0,0,0,0,0,0,0,0,0,0,0,0,0,0,0,0,0,0.6000000238418579,0.0,0.0,0.0,0.0,0.0,0.0,0.0,0.0,0.0,0.0,0.6000000238418579,0.0,0.0,0.0,0.0,0.0,0.5961374044418335,-0.009804366156458855,0.0,-1.081596707702162,-0.0021032497380307907,-0.02932494980326622,0.6614550863768613,0.20751253408972997,-0.009804366356647165,-0.004848107490044814,-0.01094889109912495,0.0,0.0,0.0,0.0,0.0,0.0,0.0,0.0,0.0,0.0,0.0,0.0,-0.08583437651395798,-0.025183768942952156,-0.010352441109716892
0.0,0.0,0.0,LoadPallet,False,autonomous,False,0.0,0.0,0.0,0.0,0.0,0.0,0.0,-1,N/A,0.0,0.0,N/A,-1,N/A,0.0,0.0,N/A,-1,N/A,0.0,0.0,N/A,-1,N/A,0.0,0.0,N/A,-1,N/A,0.0,0.0,N/A,slot0,full,-6.608479964440088,0.13366449356369628,europalette_0,0,0,0,0,0,0,0,0,0,0,0,0,0,0,0,0,0,0,0.6000000238418579,0.0,0.0,0.0,0.0,0.0,0.0,0.0,0.0,0.0,0.0,0.6000000238418579,0.0,0.0,0.0,0.0,0.0,0.5803426504135132,-0.009907051920890808,0.0,-1.069908365723383,-0.0020849060793880353,-0.029198701073420263,0.6631912756984661,0.2075131384128426,-0.009907051669486577,-0.005367127287720453,-0.010948562854338473,0.0,0.0,0.0,0.0,0.0,0.0,0.0,0.0,0.0,0.0,0.0,0.0,-0.08583437651395798,-0.025183768942952156,-0.010352441109716892
0.0,0.0,0.0,LoadPallet,False,autonomous,False,0.0,0.0,0.0,0.0,0.0,0.0,0.0,-1,N/A,0.0,0.0,N/A,-1,N/A,0.0,0.0,N/A,-1,N/A,0.0,0.0,N/A,-1,N/A,0.0,0.0,N/A,-1,N/A,0.0,0.0,N/A,slot0,full,-6.608479964440088,0.13366449356369628,europalette_0,0,0,0,0,0,0,0,0,0,0,0,0,0,0,0,0,0,0,0.6000000238418579,0.0,0.0,0.0,0.0,0.0,0.0,0.0,0.0,0.0,0.0,0.6000000238418579,0.0,0.0,0.0,0.0,0.0,0.5646573305130005,-0.010015658102929592,0.0,-1.08059189124842,-0.0021130855566086695,-0.02931927798766565,0.6607577000759761,0.20751502616031367,-0.010015657829759661,-0.005525230447321077,-0.01094823173630226,0.0,0.0,0.0,0.0,0.0,0.0,0.0,0.0,0.0,0.0,0.0,0.0,-0.08583437651395798,-0.025183768942952156,-0.010352441109716892
0.0,0.0,0.0,LoadPallet,False,autonomous,False,0.0,0.0,0.0,0.0,0.0,0.0,0.0,-1,N/A,0.0,0.0,N/A,-1,N/A,0.0,0.0,N/A,-1,N/A,0.0,0.0,N/A,-1,N/A,0.0,0.0,N/A,-1,N/A,0.0,0.0,N/A,slot0,full,-6.608479964440088,0.13366449356369628,europalette_0,0,0,0,0,0,0,0,0,0,0,0,0,0,0,0,0,0,0,0.6000000238418579,0.0,0.0,0.0,0.0,0.0,0.0,0.0,0.0,0.0,0.0,0.6000000238418579,0.0,0.0,0.0,0.0,0.0,0.548972487449646,-0.009960771538317204,0.0,-1.0697997783602897,-0.0021195769349805424,-0.0291904531017243,0.659713450617744,0.20752188679364944,-0.0099607713888199,0.00857678682533256,-0.01094791401293291,0.0,0.0,0.0,0.0,0.0,0.0,0.0,0.0,0.0,0.0,0.0,0.0,-0.08583437651395798,-0.025183768942952156,-0.010352441109716892
0.0,0.0,0.0,LoadPallet,False,autonomous,False,0.0,0.0,0.0,0.0,0.0,0.0,0.0,-1,N/A,0.0,0.0,N/A,-1,N/A,0.0,0.0,N/A,-1,N/A,0.0,0.0,N/A,-1,N/A,0.0,0.0,N/A,-1,N/A,0.0,0.0,N/A,slot0,full,-6.608479964440088,0.13366449356369628,europalette_0,0,0,0,0,0,0,0,0,0,0,0,0,0,0,0,0,0,0,0.6000000238418579,0.0,0.0,0.0,0.0,0.0,0.0,0.0,0.0,0.0,0.0,0.6000000238418579,0.0,0.0,0.0,0.0,0.0,0.610517680644989,-0.009898880496621132,0.0,-1.0812868195703453,-0.00215556199948215,-0.029328377885927126,0.6570849522336744,0.20751507692248386,-0.009898880455367909,-0.0022055385625827074,-0.010947645937722248,0.0,0.0,0.0,0.0,0.0,0.0,0.0,0.0,0.0,0.0,0.0,0.0,-0.08583437651395798,-0.025183768942952156,-0.010352441109716892
0.0,0.0,0.0,LoadPallet,False,autonomous,False,0.0,0.0,0.0,0.0,0.0,0.0,0.0,-1,N/A,0.0,0.0,N/A,-1,N/A,0.0,0.0,N/A,-1,N/A,0.0,0.0,N/A,-1,N/A,0.0,0.0,N/A,-1,N/A,0.0,0.0,N/A,slot0,full,-6.608479964440088,0.13366449356369628,europalette_0,0,0,0,0,0,0,0,0,0,0,0,0,0,0,0,0,0,0,0.6000000238418579,0.0,0.0,0.0,0.0,0.0,0.0,0.0,0.0,0.0,0.0,0.6000000238418579,0.0,0.0,0.0,0.0,0.0,0.5947801470756531,-0.009976464323699474,0.0,-1.0700945687412196,-0.0020958905232568922,-0.02920171654216186,0.6627386329633396,0.20751782510311553,-0.009976464782254446,-0.004602207023492585,-0.010947330244288556,0.0,0.0,0.0,0.0,0.0,0.0,0.0,0.0,0.0,0.0,0.0,0.0,-0.08583437651395798,-0.025183768942952156,-0.010352441109716892
0.0,0.0,0.0,LoadPallet,False,autonomous,False,0.0,0.0,0.0,0.0,0.0,0.0,0.0,-1,N/A,0.0,0.0,N/A,-1,N/A,0.0,0.0,N/A,-1,N/A,0.0,0.0,N/A,-1,N/A,0.0,0.0,N/A,-1,N/A,0.0,0.0,N/A,slot0,full,-6.608479964440088,0.13366449356369628,europalette_0,0,0,0,0,0,0,0,0,0,0,0,0,0,0,0,0,0,0,0.6000000238418579,0.0,0.0,0.0,0.0,0.0,0.0,0.0,0.0,0.0,0.0,0.6000000238418579,0.0,0.0,0.0,0.0,0.0,0.5789763331413269,-0.010075099766254425,0.0,-1.0753178762951272,-0.002096064816891445,-0.029261417237688214,0.6624718503815643,0.20751793601136162,-0.010075099787960617,-0.005189712055479878,-0.010947001258623367,0.0,0.0,0.0,0.0,0.0,0.0,0.0,0.0,0.0,0.0,0.0,0.0,-0.08583437651395798,-0.025183768942952156,-0.010352441109716892
0.0,0.0,0.0,LoadPallet,False,autonomous,False,0.0,0.0,0.0,0.0,0.0,0.0,0.0,-1,N/A,0.0,0.0,N/A,-1,N/A,0.0,0.0,N/A,-1,N/A,0.0,0.0,N/A,-1,N/A,0.0,0.0,N/A,-1,N/A,0.0,0.0,N/A,slot0,full,-6.608479964440088,0.13366449356369628,europalette_0,0,0,0,0,0,0,0,0,0,0,0,0,0,0,0,0,0,0,0.6000000238418579,0.0,0.0,0.0,0.0,0.0,0.0,0.0,0.0,0.0,0.0,0.6000000238418579,0.0,0.0,0.0,0.0,0.0,0.5636277198791504,-0.010016344487667084,0.0,-1.0641111166159147,-0.002081692999788165,-0.029132321126471294,0.6630047276193807,0.2075201337090456,-0.01001634413073127,0.00874696268222252,-0.010946682627462808,0.0,0.0,0.0,0.0,0.0,0.0,0.0,0.0,0.0,0.0,0.0,0.0,-0.08583437651395798,-0.025183768942952156,-0.010352441109716892
0.0,0.0,0.0,LoadPallet,False,autonomous,False,0.0,0.0,0.0,0.0,0.0,0.0,0.0,-1,N/A,0.0,0.0,N/A,-1,N/A,0.0,0.0,N/A,-1,N/A,0.0,0.0,N/A,-1,N/A,0.0,0.0,N/A,-1,N/A,0.0,0.0,N/A,slot0,full,-6.608479964440088,0.13366449356369628,europalette_0,0,0,0,0,0,0,0,0,0,0,0,0,0,0,0,0,0,0,0.6000000238418579,0.0,0.0,0.0,0.0,0.0,0.0,0.0,0.0,0.0,0.0,0.6000000238418579,0.0,0.0,0.0,0.0,0.0,0.5478158593177795,-0.009767279960215092,0.0,-1.0746397707780542,-0.0022299823646642486,-0.029253507247035182,0.6519884727700855,0.20752002011573958,-0.00976727952894585,0.014015704796150726,-0.010946403386966135,0.0,0.0,0.0,0.0,0.0,0.0,0.0,0.0,0.0,0.0,0.0,0.0,-0.08583437651395798,-0.025183768942952156,-0.010352441109716892
0.0,0.0,0.0,LoadPallet,False,autonomous,False,0.0,0.0,0.0,0.0,0.0,0.0,0.0,-1,N/A,0.0,0.0,N/A,-1,N/A,0.0,0.0,N/A,-1,N/A,0.0,0.0,N/A,-1,N/A,0.0,0.0,N/A,-1,N/A,0.0,0.0,N/A,slot0,full,-6.608479964440088,0.13366449356369628,europalette_0,0,0,0,0,0,0,0,0,0,0,0,0,0,0,0,0,0,0,0.6000000238418579,0.0,0.0,0.0,0.0,0.0,0.0,0.0,0.0,0.0,0.0,0.6000000238418579,0.0,0.0,0.0,0.0,0.0,0.6089385747909546,-0.009660604409873486,0.0,-1.0642465077192016,-0.002106705211080334,-0.029119591832986846,0.6627406393527622,0.20752772379788112,-0.009660604503918258,-0.0016182699923998167,-0.010946136714000467,0.0,0.0,0.0,0.0,0.0,0.0,0.0,0.0,0.0,0.0,0.0,0.0,-0.08583437651395798,-0.025183768942952156,-0.010352441109716892
0.0,0.0,0.0,LoadPallet,False,autonomous,False,0.0,0.0,0.0,0.0,0.0,0.0,0.0,-1,N/A,0.0,0.0,N/A,-1,N/A,0.0,0.0,N/A,-1,N/A,0.0,0.0,N/A,-1,N/A,0.0,0.0,N/A,-1,N/A,0.0,0.0,N/A,slot0,full,-6.608479964440088,0.13366449356369628,europalette_0,0,0,0,0,0,0,0,0,0,0,0,0,0,0,0,0,0,0,0.6000000238418579,0.0,0.0,0.0,0.0,0.0,0.0,0.0,0.0,0.0,0.0,0.6000000238418579,0.0,0.0,0.0,0.0,0.0,0.5936339497566223,-0.009749826975166798,0.0,-1.081507768734098,-0.0021013467997929164,-0.029322798130711036,0.6623080743025014,0.20752426071760163,-0.009749826854432264,-0.006100993742420003,-0.010945840699684944,0.0,0.0,0.0,0.0,0.0,0.0,0.0,0.0,0.0,0.0,0.0,0.0,-0.08583437651395798,-0.025183768942952156,-0.010352441109716892
0.0,0.0,0.0,LoadPallet,False,autonomous,False,0.0,0.0,0.0,0.0,0.0,0.0,0.0,-1,N/A,0.0,0.0,N/A,-1,N/A,0.0,0.0,N/A,-1,N/A,0.0,0.0,N/A,-1,N/A,0.0,0.0,N/A,-1,N/A,0.0,0.0,N/A,slot0,full,-6.608479964440088,0.13366449356369628,europalette_0,0,0,0,0,0,0,0,0,0,0,0,0,0,0,0,0,0,0,0.6000000238418579,0.0,0.0,0.0,0.0,0.0,0.0,0.0,0.0,0.0,0.0,0.6000000238418579,0.0,0.0,0.0,0.0,0.0,0.5777702927589417,-0.0098798219114542,0.0,-1.0698723389661184,-0.0020889533531125715,-0.02919843399787203,0.6636431602222217,0.20752478455099266,-0.009879821946545242,-0.006603819961380605,-0.01094553060452684,0.0,0.0,0.0,0.0,0.0,0.0,0.0,0.0,0.0,0.0,0.0,0.0,-0.08583437651395798,-0.025183768942952156,-0.010352441109716892
0.0,0.0,0.0,LoadPallet,False,autonomous,False,0.0,0.0,0.0,0.0,0.0,0.0,0.0,-1,N/A,0.0,0.0,N/A,-1,N/A,0.0,0.0,N/A,-1,N/A,0.0,0.0,N/A,-1,N/A,0.0,0.0,N/A,-1,N/A,0.0,0.0,N/A,slot0,full,-6.608479964440088,0.13366449356369628,europalette_0,0,0,0,0,0,0,0,0,0,0,0,0,0,0,0,0,0,0,0.6000000238418579,0.0,0.0,0.0,0.0,0.0,0.0,0.0,0.0,0.0,0.0,0.6000000238418579,0.0,0.0,0.0,0.0,0.0,0.5620856881141663,-0.010006921365857124,0.0,-1.0805034856407625,-0.0021131677941263263,-0.029318902179389983,0.6615664197731519,0.20752615958666074,-0.010006921773013211,-0.00609017733668349,-0.010945207456295536,0.0,0.0,0.0,0.0,0.0,0.0,0.0,0.0,0.0,0.0,0.0,0.0,-0.08583437651395798,-0.025183768942952156,-0.010352441109716892
0.0,0.0,0.0,LoadPallet,False,autonomous,False,0.0,0.0,0.0,0.0,0.0,0.0,0.0,-1,N/A,0.0,0.0,N/A,-1,N/A,0.0,0.0,N/A,-1,N/A,0.0,0.0,N/A,-1,N/A,0.0,0.0,N/A,-1,N/A,0.0,0.0,N/A,slot0,full,-6.608479964440088,0.13366449356369628,europalette_0,0,0,0,0,0,0,0,0,0,0,0,0,0,0,0,0,0,0,0.6000000238418579,0.0,0.0,0.0,0.0,0.0,0.0,0.0,0.0,0.0,0.0,0.6000000238418579,0.0,0.0,0.0,0.0,0.0,0.5465878248214722,-0.009963632561266422,0.0,-1.069763961234374,-0.0021225288773889517,-0.029191353810977316,0.6602823520704817,0.20753237344909242,-0.009963632886726081,0.008658763178230413,-0.010944893940658378,0.0,0.0,0.0,0.0,0.0,0.0,0.0,0.0,0.0,0.0,0.0,0.0,-0.08583437651395798,-0.025183768942952156,-0.010352441109716892
0.0,0.0,0.0,LoadPallet,False,autonomous,False,0.0,0.0,0.0,0.0,0.0,0.0,0.0,-1,N/A,0.0,0.0,N/A,-1,N/A,0.0,0.0,N/A,-1,N/A,0.0,0.0,N/A,-1,N/A,0.0,0.0,N/A,-1,N/A,0.0,0.0,N/A,slot0,full,-6.608479964440088,0.13366449356369628,europalette_0,0,0,0,0,0,0,0,0,0,0,0,0,0,0,0,0,0,0,0.6000000238418579,0.0,0.0,0.0,0.0,0.0,0.0,0.0,0.0,0.0,0.0,0.6000000238418579,0.0,0.0,0.0,0.0,0.0,0.6076897978782654,-0.009924940764904022,0.0,-1.081198714909588,-0.002151785821616292,-0.029328379298617813,0.6582558474254938,0.20752578779656622,-0.009924941048055302,-0.0034128492954069666,-0.010944643710416513,0.0,0.0,0.0,0.0,0.0,0.0,0.0,0.0,0.0,0.0,0.0,0.0,-0.08583437651395798,-0.025183768942952156,-0.010352441109716892
0.0,0.0,0.0,LoadPallet,False,autonomous,False,0.0,0.0,0.0,0.0,0.0,0.0,0.0,-1,N/A,0.0,0.0,N/A,-1,N/A,0.0,0.0,N/A,-1,N/A,0.0,0.0,N/A,-1,N/A,0.0,0.0,N/A,-1,N/A,0.0,0.0,N/A,slot0,full,-6.608479964440088,0.13366449356369628,europalette_0,0,0,0,0,0,0,0,0,0,0,0,0,0,0,0,0,0,0,0.6000000238418579,0.0,0.0,0.0,0.0,0.0,0.0,0.0,0.0,0.0,0.0,0.6000000238418579,0.0,0.0,0.0,0.0,0.0,0.5920203328132629,-0.01002761721611023,0.0,-1.070059048121757,-0.002124580695365398,-0.029200448602838436,0.6611841857502441,0.20752914035947795,-0.010027617442975867,-0.0057285056728371446,-0.01094433159737603,0.0,0.0,0.0,0.0,0.0,0.0,0.0,0.0,0.0,0.0,0.0,0.0,-0.08583437651395798,-0.025183768942952156,-0.010352441109716892
0.0,0.0,0.0,LoadPallet,False,autonomous,False,0.0,0.0,0.0,0.0,0.0,0.0,0.0,-1,N/A,0.0,0.0,N/A,-1,N/A,0.0,0.0,N/A,-1,N/A,0.0,0.0,N/A,-1,N/A,0.0,0.0,N/A,-1,N/A,0.0,0.0,N/A,slot0,full,-6.608479964440088,0.13366449356369628,europalette_0,0,0,0,0,0,0,0,0,0,0,0,0,0,0,0,0,0,0,0.6000000238418579,0.0,0.0,0.0,0.0,0.0,0.0,0.0,0.0,0.0,0.0,0.6000000238418579,0.0,0.0,0.0,0.0,0.0,0.5762418508529663,-0.009969213046133518,0.0,-1.0752582374424122,-0.002176131390043974,-0.029260119777815896,0.6572243356929732,0.2075289474925841,-0.009969213108144359,0.00903470663480522,-0.010944018667461412,0.0,0.0,0.0,0.0,0.0,0.0,0.0,0.0,0.0,0.0,0.0,0.0,-0.08583437651395798,-0.025183768942952156,-0.010352441109716892
0.0,0.0,0.0,LoadPallet,False,autonomous,False,0.0,0.0,0.0,0.0,0.0,0.0,0.0,-1,N/A,0.0,0.0,N/A,-1,N/A,0.0,0.0,N/A,-1,N/A,0.0,0.0,N/A,-1,N/A,0.0,0.0,N/A,-1,N/A,0.0,0.0,N/A,slot0,full,-6.608479964440088,0.13366449356369628,europalette_0,0,0,0,0,0,0,0,0,0,0,0,0,0,0,0,0,0,0,0.6000000238418579,0.0,0.0,0.0,0.0,0.0,0.0,0.0,0.0,0.0,0.0,0.6000000238418579,0.0,0.0,0.0,0.0,0.0,0.5605567693710327,-0.009862413629889488,0.0,-1.0641028064459546,-0.002103186644497629,-0.029131843280943592,0.6629869812044547,0.20753005721343318,-0.009862413460779429,0.002400156273139964,-0.010943708731159785,0.0,0.0,0.0,0.0,0.0,0.0,0.0,0.0,0.0,0.0,0.0,0.0,-0.08583437651395798,-0.025183768942952156,-0.010352441109716892
0.0,0.0,0.0,LoadPallet,False,autonomous,False,0.0,0.0,0.0,0.0,0.0,0.0,0.0,-1,N/A,0.0,0.0,N/A,-1,N/A,0.0,0.0,N/A,-1,N/A,0.0,0.0,N/A,-1,N/A,0.0,0.0,N/A,-1,N/A,0.0,0.0,N/A,slot0,full,-6.608479964440088,0.13366449356369628,europalette_0,0,0,0,0,0,0,0,0,0,0,0,0,0,0,0,0,0,0,0.6000000238418579,0.0,0.0,0.0,0.0,0.0,0.0,0.0,0.0,0.0,0.0,0.6000000238418579,0.0,0.0,0.0,0.0,0.0,0.5449374318122864,-0.009857714176177979,0.0,-1.074578196692749,-0.0021389767228109854,-0.02925104466991152,0.6598272297312633,0.20753129316699567,-0.009857714092592396,-0.001528978145367801,-0.010943392877773784,0.0,0.0,0.0,0.0,0.0,0.0,0.0,0.0,0.0,0.0,0.0,0.0,-0.08583437651395798,-0.025183768942952156,-0.010352441109716892
0.0,0.0,0.0,LoadPallet,False,autonomous,False,0.0,0.0,0.0,0.0,0.0,0.0,0.0,-1,N/A,0.0,0.0,N/A,-1,N/A,0.0,0.0,N/A,-1,N/A,0.0,0.0,N/A,-1,N/A,0.0,0.0,N/A,-1,N/A,0.0,0.0,N/A,slot0,full,-6.608479964440088,0.13366449356369628,europalette_0,0,0,0,0,0,0,0,0,0,0,0,0,0,0,0,0,0,0,0.6000000238418579,0.0,0.0,0.0,0.0,0.0,0.0,0.0,0.0,0.0,0.0,0.6000000238418579,0.0,0.0,0.0,0.0,0.0,0.60630202293396,-0.009951863437891006,0.0,-1.0642380405424454,-0.0020989241911871515,-0.02912006504291731,0.6636385145411623,0.20753832632328098,-0.009951863069910694,-0.007634937472985309,-0.010943105545592935,0.0,0.0,0.0,0.0,0.0,0.0,0.0,0.0,0.0,0.0,0.0,0.0,-0.08583437651395798,-0.025183768942952156,-0.010352441109716892
0.0,0.0,0.0,LoadPallet,False,autonomous,False,0.0,0.0,0.0,0.0,0.0,0.0,0.0,-1,N/A,0.0,0.0,N/A,-1,N/A,0.0,0.0,N/A,-1,N/A,0.0,0.0,N/A,-1,N/A,0.0,0.0,N/A,-1,N/A,0.0,0.0,N/A,slot0,full,-6.608479964440088,0.13366449356369628,europalette_0,0,0,0,0,0,0,0,0,0,0,0,0,0,0,0,0,0,0,0.6000000238418579,0.0,0.0,0.0,0.0,0.0,0.0,0.0,0.0,0.0,0.0,0.6000000238418579,0.0,0.0,0.0,0.0,0.0,0.5909212827682495,-0.010103460401296616,0.0,-1.0814205940476667,-0.0021116448762312987,-0.02932218394829761,0.6622142137987908,0.20753506918477485,-0.010103460168182643,-0.007293371847189464,-0.010942782677758816,0.0,0.0,0.0,0.0,0.0,0.0,0.0,0.0,0.0,0.0,0.0,0.0,-0.08583437651395798,-0.025183768942952156,-0.010352441109716892
0.0,0.0,0.0,LoadPallet,False,autonomous,False,0.0,0.0,0.0,0.0,0.0,0.0,0.0,-1,N/A,0.0,0.0,N/A,-1,N/A,0.0,0.0,N/A,-1,N/A,0.0,0.0,N/A,-1,N/A,0.0,0.0,N/A,-1,N/A,0.0,0.0,N/A,slot0,full,-6.608479964440088,0.13366449356369628,europalette_0,0,0,0,0,0,0,0,0,0,0,0,0,0,0,0,0,0,0,0.6000000238418579,0.0,0.0,0.0,0.0,0.0,0.0,0.0,0.0,0.0,0.0,0.6000000238418579,0.0,0.0,0.0,0.0,0.0,0.575221598148346,-0.010069604031741619,0.0,-1.0698375479412254,-0.002156715540602726,-0.029198112206015814,0.6580361634843825,0.20753508132229603,-0.010069603977971298,0.008550605435271662,-0.010942473386812729,0.0,0.0,0.0,0.0,0.0,0.0,0.0,0.0,0.0,0.0,0.0,0.0,-0.08583437651395798,-0.025183768942952156,-0.010352441109716892
0.0,0.0,0.0,LoadPallet,False,autonomous,False,0.0,0.0,0.0,0.0,0.0,0.0,0.0,-1,N/A,0.0,0.0,N/A,-1,N/A,0.0,0.0,N/A,-1,N/A,0.0,0.0,N/A,-1,N/A,0.0,0.0,N/A,-1,N/A,0.0,0.0,N/A,slot0,full,-6.608479964440088,0.13366449356369628,europalette_0,0,0,0,0,0,0,0,0,0,0,0,0,0,0,0,0,0,0,0.6000000238418579,0.0,0.0,0.0,0.0,0.0,0.0,0.0,0.0,0.0,0.0,0.6000000238418579,0.0,0.0,0.0,0.0,0.0,0.5592144131660461,-0.009823588654398918,0.0,-1.080716949936324,-0.002290572377807512,-0.029316610214903005,0.6481850853303399,0.20754123544052297,-0.009823588864384725,0.01509027826918063,-0.010942190700956525,0.0,0.0,0.0,0.0,0.0,0.0,0.0,0.0,0.0,0.0,0.0,0.0,-0.08583437651395798,-0.025183768942952156,-0.010352441109716892
0.0,0.0,0.0,LoadPallet,False,autonomous,False,0.0,0.0,0.0,0.0,0.0,0.0,0.0,-1,N/A,0.0,0.0,N/A,-1,N/A,0.0,0.0,N/A,-1,N/A,0.0,0.0,N/A,-1,N/A,0.0,0.0,N/A,-1,N/A,0.0,0.0,N/A,slot0,full,-6.608479964440088,0.13366449356369628,europalette_0,0,0,0,0,0,0,0,0,0,0,0,0,0,0,0,0,0,0,0.6000000238418579,0.0,0.0,0.0,0.0,0.0,0.0,0.0,0.0,0.0,0.0,0.6000000238418579,0.0,0.0,0.0,0.0,0.0,0.6207371354103088,-0.00972766149789095,0.0,-1.070431026618559,-0.00213291295540715,-0.029199816747008,0.6616323735946992,0.20753513880709873,-0.009727661905619023,-0.0015586348985021535,-0.010941939121525432,0.0,0.0,0.0,0.0,0.0,0.0,0.0,0.0,0.0,0.0,0.0,0.0,-0.08583437651395798,-0.025183768942952156,-0.010352441109716892
0.0,0.0,0.0,LoadPallet,False,autonomous,False,0.0,0.0,0.0,0.0,0.0,0.0,0.0,-1,N/A,0.0,0.0,N/A,-1,N/A,0.0,0.0,N/A,-1,N/A,0.0,0.0,N/A,-1,N/A,0.0,0.0,N/A,-1,N/A,0.0,0.0,N/A,slot0,full,-6.608479964440088,0.13366449356369628,europalette_0,0,0,0,0,0,0,0,0,0,0,0,0,0,0,0,0,0,0,0.6000000238418579,0.0,0.0,0.0,0.0,0.0,0.0,0.0,0.0,0.0,0.0,0.6000000238418579,0.0,0.0,0.0,0.0,0.0,0.6049607396125793,-0.009790516458451748,0.0,-1.0818782679768857,-0.0021332446642419386,-0.02932988466498848,0.6607879777265566,0.2075379274011215,-0.009790516777841596,-0.004069514301210515,-0.010941618980648375,0.0,0.0,0.0,0.0,0.0,0.0,0.0,0.0,0.0,0.0,0.0,0.0,-0.08583437651395798,-0.025183768942952156,-0.010352441109716892
0.0,0.0,0.0,LoadPallet,False,autonomous,False,0.0,0.0,0.0,0.0,0.0,0.0,0.0,-1,N/A,0.0,0.0,N/A,-1,N/A,0.0,0.0,N/A,-1,N/A,0.0,0.0,N/A,-1,N/A,0.0,0.0,N/A,-1,N/A,0.0,0.0,N/A,slot0,full,-6.608479964440088,0.13366449356369628,europalette_0,0,0,0,0,0,0,0,0,0,0,0,0,0,0,0,0,0,0,0.6000000238418579,0.0,0.0,0.0,0.0,0.0,0.0,0.0,0.0,0.0,0.0,0.6000000238418579,0.0,0.0,0.0,0.0,0.0,0.5891509652137756,-0.00988063309341669,0.0,-1.0641885383824974,-0.0021026792859191387,-0.029133407458659777,0.6636411364983701,0.20753811331133937,-0.009880633393540172,-0.004872751282227628,-0.010941291472737103,0.0,0.0,0.0,0.0,0.0,0.0,0.0,0.0,0.0,0.0,0.0,0.0,-0.08583437651395798,-0.025183768942952156,-0.010352441109716892
0.0,0.0,0.0,LoadPallet,False,autonomous,False,0.0,0.0,0.0,0.0,0.0,0.0,0.0,-1,N/A,0.0,0.0,N/A,-1,N/A,0.0,0.0,N/A,-1,N/A,0.0,0.0,N/A,-1,N/A,0.0,0.0,N/A,-1,N/A,0.0,0.0,N/A,slot0,full,-6.608479964440088,0.13366449356369628,europalette_0,0,0,0,0,0,0,0,0,0,0,0,0,0,0,0,0,0,0,0.6000000238418579,0.0,0.0,0.0,0.0,0.0,0.0,0.0,0.0,0.0,0.0,0.6000000238418579,0.0,0.0,0.0,0.0,0.0,0.5734643936157227,-0.009982062503695488,0.0,-1.0751959646933615,-0.002111443511762061,-0.0292585798226645,0.6628145576608802,0.20753912887845077,-0.009982062106483447,-0.005254662365434722,-0.010940961033313747,0.0,0.0,0.0,0.0,0.0,0.0,0.0,0.0,0.0,0.0,0.0,0.0,-0.08583437651395798,-0.025183768942952156,-0.010352441109716892
0.0,0.0,0.0,LoadPallet,False,autonomous,False,0.0,0.0,0.0,0.0,0.0,0.0,0.0,-1,N/A,0.0,0.0,N/A,-1,N/A,0.0,0.0,N/A,-1,N/A,0.0,0.0,N/A,-1,N/A,0.0,0.0,N/A,-1,N/A,0.0,0.0,N/A,slot0,full,-6.608479964440088,0.13366449356369628,europalette_0,0,0,0,0,0,0,0,0,0,0,0,0,0,0,0,0,0,0,0.6000000238418579,0.0,0.0,0.0,0.0,0.0,0.0,0.0,0.0,0.0,0.0,0.6000000238418579,0.0,0.0,0.0,0.0,0.0,0.5577636957168579,-0.010088879615068436,0.0,-1.0641055570976228,-0.0020995916400040546,-0.0291327468457952,0.6638385008835712,0.2075397199317944,-0.010088879662814243,-0.005437247056275843,-0.010940629342778585,0.0,0.0,0.0,0.0,0.0,0.0,0.0,0.0,0.0,0.0,0.0,0.0,-0.08583437651395798,-0.025183768942952156,-0.010352441109716892
0.0,0.0,0.0,LoadPallet,False,autonomous,False,0.0,0.0,0.0,0.0,0.0,0.0,0.0,-1,N/A,0.0,0.0,N/A,-1,N/A,0.0,0.0,N/A,-1,N/A,0.0,0.0,N/A,-1,N/A,0.0,0.0,N/A,-1,N/A,0.0,0.0,N/A,slot0,full,-6.608479964440088,0.13366449356369628,europalette_0,0,0,0,0,0,0,0,0,0,0,0,0,0,0,0,0,0,0,0.6000000238418579,0.0,0.0,0.0,0.0,0.0,0.0,0.0,0.0,0.0,0.0,0.6000000238418579,0.0,0.0,0.0,0.0,0.0,0.6191692352294922,-0.010069282725453377,0.0,-1.0754320952068106,-0.002169402458023481,-0.02925417778941225,0.6585126137656516,0.20754742879872332,-0.010069282753807585,0.0060794579530384,-0.010940307294017378,0.0,0.0,0.0,0.0,0.0,0.0,0.0,0.0,0.0,0.0,0.0,0.0,-0.08583437651395798,-0.025183768942952156,-0.010352441109716892
0.0,0.0,0.0,LoadPallet,False,autonomous,False,0.0,0.0,0.0,0.0,0.0,0.0,0.0,-1,N/A,0.0,0.0,N/A,-1,N/A,0.0,0.0,N/A,-1,N/A,0.0,0.0,N/A,-1,N/A,0.0,0.0,N/A,-1,N/A,0.0,0.0,N/A,slot0,full,-6.608479964440088,0.13366449356369628,europalette_0,0,0,0,0,0,0,0,0,0,0,0,0,0,0,0,0,0,0,0.6000000238418579,0.0,0.0,0.0,0.0,0.0,0.0,0.0,0.0,0.0,0.0,0.6000000238418579,0.0,0.0,0.0,0.0,0.0,0.6036325097084045,-0.009841262362897396,0.0,-1.064231695574616,-0.0021108092818826613,-0.029135015319775748,0.6625792300995101,0.20754253947643622,-0.009841262388500915,0.01572352341876094,-0.010940011488756219,0.0,0.0,0.0,0.0,0.0,0.0,0.0,0.0,0.0,0.0,0.0,0.0,-0.08583437651395798,-0.025183768942952156,-0.010352441109716892
0.0,0.0,0.0,LoadPallet,False,autonomous,False,0.0,0.0,0.0,0.0,0.0,0.0,0.0,-1,N/A,0.0,0.0,N/A,-1,N/A,0.0,0.0,N/A,-1,N/A,0.0,0.0,N/A,-1,N/A,0.0,0.0,N/A,-1,N/A,0.0,0.0,N/A,slot0,full,-6.608479964440088,0.13366449356369628,europalette_0,0,0,0,0,0,0,0,0,0,0,0,0,0,0,0,0,0,0,0.6000000238418579,0.0,0.0,0.0,0.0,0.0,0.0,0.0,0.0,0.0,0.0,0.6000000238418579,0.0,0.0,0.0,0.0,0.0,0.5877653360366821,-0.009700214490294456,0.0,-1.0755118251685252,-0.002197119600433395,-0.02926377245488171,0.655693193964396,0.20754320717518845,-0.009700214233230753,0.0022745758446576295,-0.01093975790475528,0.0,0.0,0.0,0.0,0.0,0.0,0.0,0.0,0.0,0.0,0.0,0.0,-0.08583437651395798,-0.025183768942952156,-0.010352441109716892
0.0,0.0,0.0,LoadPallet,False,autonomous,False,0.0,0.0,0.0,0.0,0.0,0.0,0.0,-1,N/A,0.0,0.0,N/A,-1,N/A,0.0,0.0,N/A,-1,N/A,0.0,0.0,N/A,-1,N/A,0.0,0.0,N/A,-1,N/A,0.0,0.0,N/A,slot0,full,-6.608479964440088,0.13366449356369628,europalette_0,0,0,0,0,0,0,0,0,0,0,0,0,0,0,0,0,0,0,0.6000000238418579,0.0,0.0,0.0,0.0,0.0,0.0,0.0,0.0,0.0,0.0,0.6000000238418579,0.0,0.0,0.0,0.0,0.0,0.5720782279968262,-0.00969734974205494,0.0,-1.0698002118991825,-0.0021336157376472334,-0.02919716435447617,0.661895320193878,0.20754507004409203,-0.009697349669393951,-0.0013491255370692255,-0.010939437405220898,0.0,0.0,0.0,0.0,0.0,0.0,0.0,0.0,0.0,0.0,0.0,0.0,-0.08583437651395798,-0.025183768942952156,-0.010352441109716892
0.0,0.0,0.0,LoadPallet,False,autonomous,False,0.0,0.0,0.0,0.0,0.0,0.0,0.0,-1,N/A,0.0,0.0,N/A,-1,N/A,0.0,0.0,N/A,-1,N/A,0.0,0.0,N/A,-1,N/A,0.0,0.0,N/A,-1,N/A,0.0,0.0,N/A,slot0,full,-6.608479964440088,0.13366449356369628,europalette_0,0,0,0,0,0,0,0,0,0,0,0,0,0,0,0,0,0,0,0.6000000238418579,0.0,0.0,0.0,0.0,0.0,0.0,0.0,0.0,0.0,0.0,0.6000000238418579,0.0,0.0,0.0,0.0,0.0,0.5563766956329346,-0.00974294450134039,0.0,-1.0806252255284612,-0.0021472344361714926,-0.029315250477895682,0.6603336156175317,0.20755140491319382,-0.009742944198424475,-0.0030350266881893897,-0.010939111092043928,0.0,0.0,0.0,0.0,0.0,0.0,0.0,0.0,0.0,0.0,0.0,0.0,-0.08583437651395798,-0.025183768942952156,-0.010352441109716892
0.0,0.0,0.0,LoadPallet,False,autonomous,False,0.0,0.0,0.0,0.0,0.0,0.0,0.0,-1,N/A,0.0,0.0,N/A,-1,N/A,0.0,0.0,N/A,-1,N/A,0.0,0.0,N/A,-1,N/A,0.0,0.0,N/A,-1,N/A,0.0,0.0,N/A,slot0,full,-6.608479964440088,0.13366449356369628,europalette_0,0,0,0,0,0,0,0,0,0,0,0,0,0,0,0,0,0,0,0.6000000238418579,0.0,0.0,0.0,0.0,0.0,0.0,0.0,0.0,0.0,0.0,0.6000000238418579,0.0,0.0,0.0,0.0,0.0,0.617962658405304,-0.009823653846979141,0.0,-1.070394359873653,-0.0021121116824872194,-0.02919809926119321,0.6634885256222276,0.20754684001975524,-0.00982365364648441,-0.00594948852703991,-0.010938807633701576,0.0,0.0,0.0,0.0,0.0,0.0,0.0,0.0,0.0,0.0,0.0,0.0,-0.08583437651395798,-0.025183768942952156,-0.010352441109716892
0.0,0.0,0.0,LoadPallet,False,autonomous,False,0.0,0.0,0.0,0.0,0.0,0.0,0.0,-1,N/A,0.0,0.0,N/A,-1,N/A,0.0,0.0,N/A,-1,N/A,0.0,0.0,N/A,-1,N/A,0.0,0.0,N/A,-1,N/A,0.0,0.0,N/A,slot0,full,-6.608479964440088,0.13366449356369628,europalette_0,0,0,0,0,0,0,0,0,0,0,0,0,0,0,0,0,0,0,0.6000000238418579,0.0,0.0,0.0,0.0,0.0,0.0,0.0,0.0,0.0,0.0,0.6000000238418579,0.0,0.0,0.0,0.0,0.0,0.6024894118309021,-0.009950058534741402,0.0,-1.0817888003944658,-0.0021109977191417426,-0.02932771735665851,0.663321924728649,0.207549535025295,-0.009950058248560545,-0.006329197233144029,-0.010938488561608147,0.0,0.0,0.0,0.0,0.0,0.0,0.0,0.0,0.0,0.0,0.0,0.0,-0.08583437651395798,-0.025183768942952156,-0.010352441109716892
0.0,0.0,0.0,LoadPallet,False,autonomous,False,0.0,0.0,0.0,0.0,0.0,0.0,0.0,-1,N/A,0.0,0.0,N/A,-1,N/A,0.0,0.0,N/A,-1,N/A,0.0,0.0,N/A,-1,N/A,0.0,0.0,N/A,-1,N/A,0.0,0.0,N/A,slot0,full,-6.608479964440088,0.13366449356369628,europalette_0,0,0,0,0,0,0,0,0,0,0,0,0,0,0,0,0,0,0,0.6000000238418579,0.0,0.0,0.0,0.0,0.0,0.0,0.0,0.0,0.0,0.0,0.6000000238418579,0.0,0.0,0.0,0.0,0.0,0.5865554213523865,-0.010078201070427895,0.0,-1.0641801082753943,-0.0021062927618091115,-0.02913301997899903,0.6638481039175019,0.2075500675467597,-0.010078201361619854,-0.006374718406359428,-0.010938174512377734,0.0,0.0,0.0,0.0,0.0,0.0,0.0,0.0,0.0,0.0,0.0,0.0,-0.08583437651395798,-0.025183768942952156,-0.010352441109716892
0.0,0.0,0.0,LoadPallet,False,autonomous,False,0.0,0.0,0.0,0.0,0.0,0.0,0.0,-1,N/A,0.0,0.0,N/A,-1,N/A,0.0,0.0,N/A,-1,N/A,0.0,0.0,N/A,-1,N/A,0.0,0.0,N/A,-1,N/A,0.0,0.0,N/A,slot0,full,-6.608479964440088,0.13366449356369628,europalette_0,0,0,0,0,0,0,0,0,0,0,0,0,0,0,0,0,0,0,0.6000000238418579,0.0,0.0,0.0,0.0,0.0,0.0,0.0,0.0,0.0,0.0,0.6000000238418579,0.0,0.0,0.0,0.0,0.0,0.5710578560829163,-0.010014769621193409,0.0,-1.0751358266974567,-0.0021963480196386803,-0.029258695617560504,0.6570787473970654,0.2075499871567583,-0.010014770000487339,0.010700720591821582,-0.010937848006074452,0.0,0.0,0.0,0.0,0.0,0.0,0.0,0.0,0.0,0.0,0.0,0.0,-0.08583437651395798,-0.025183768942952156,-0.010352441109716892
0.0,0.0,0.0,LoadPallet,False,autonomous,False,0.0,0.0,0.0,0.0,0.0,0.0,0.0,-1,N/A,0.0,0.0,N/A,-1,N/A,0.0,0.0,N/A,-1,N/A,0.0,0.0,N/A,-1,N/A,0.0,0.0,N/A,-1,N/A,0.0,0.0,N/A,slot0,full,-6.608479964440088,0.13366449356369628,europalette_0,0,0,0,0,0,0,0,0,0,0,0,0,0,0,0,0,0,0,0.6000000238418579,0.0,0.0,0.0,0.0,0.0,0.0,0.0,0.0,0.0,0.0,0.6000000238418579,0.0,0.0,0.0,0.0,0.0,0.5554530024528503,-0.009722734801471233,0.0,-1.0640973527566056,-0.0021205093989486584,-0.029133546642323316,0.6623903060331315,0.20755064515584162,-0.009722734513829323,0.018453003787140484,-0.010937573015453447,0.0,0.0,0.0,0.0,0.0,0.0,0.0,0.0,0.0,0.0,0.0,0.0,-0.08583437651395798,-0.025183768942952156,-0.010352441109716892
0.0,0.0,0.0,LoadPallet,False,autonomous,False,0.0,0.0,0.0,0.0,0.0,0.0,0.0,-1,N/A,0.0,0.0,N/A,-1,N/A,0.0,0.0,N/A,-1,N/A,0.0,0.0,N/A,-1,N/A,0.0,0.0,N/A,-1,N/A,0.0,0.0,N/A,slot0,full,-6.608479964440088,0.13366449356369628,europalette_0,0,0,0,0,0,0,0,0,0,0,0,0,0,0,0,0,0,0,0.6000000238418579,0.0,0.0,0.0,0.0,0.0,0.0,0.0,0.0,0.0,0.0,0.6000000238418579,0.0,0.0,0.0,0.0,0.0,0.6163676977157593,-0.009547506459057331,0.0,-1.075371204828274,-0.0022134981417925373,-0.029254521554454016,0.6549941946487365,0.20755816698825144,-0.009547506721872878,0.0014251445036949245,-0.010937324084780242,0.0,0.0,0.0,0.0,0.0,0.0,0.0,0.0,0.0,0.0,0.0,0.0,-0.08583437651395798,-0.025183768942952156,-0.010352441109716892
0.0,0.0,0.0,LoadPallet,False,autonomous,False,0.0,0.0,0.0,0.0,0.0,0.0,0.0,-1,N/A,0.0,0.0,N/A,-1,N/A,0.0,0.0,N/A,-1,N/A,0.0,0.0,N/A,-1,N/A,0.0,0.0,N/A,-1,N/A,0.0,0.0,N/A,slot0,full,-6.608479964440088,0.13366449356369628,europalette_0,0,0,0,0,0,0,0,0,0,0,0,0,0,0,0,0,0,0,0.6000000238418579,0.0,0.0,0.0,0.0,0.0,0.0,0.0,0.0,0.0,0.0,0.6000000238418579,0.0,0.0,0.0,0.0,0.0,0.6007649898529053,-0.009594544768333435,0.0,-1.0642232325096703,-0.0021262975430911685,-0.029135807542799763,0.6632339035648727,0.2075523237237664,-0.009594544993619003,-0.003945863195533305,-0.010937034220897281,0.0,0.0,0.0,0.0,0.0,0.0,0.0,0.0,0.0,0.0,0.0,0.0,-0.08583437651395798,-0.025183768942952156,-0.010352441109716892
0.0,0.0,0.0,LoadPallet,False,autonomous,False,0.0,0.0,0.0,0.0,0.0,0.0,0.0,-1,N/A,0.0,0.0,N/A,-1,N/A,0.0,0.0,N/A,-1,N/A,0.0,0.0,N/A,-1,N/A,0.0,0.0,N/A,-1,N/A,0.0,0.0,N/A,slot0,full,-6.608479964440088,0.13366449356369628,europalette_0,0,0,0,0,0,0,0,0,0,0,0,0,0,0,0,0,0,0,0.6000000238418579,0.0,0.0,0.0,0.0,0.0,0.0,0.0,0.0,0.0,0.0,0.6000000238418579,0.0,0.0,0.0,0.0,0.0,0.5849803686141968,-0.009684049524366856,0.0,-1.07544943975189,-0.002128206978494085,-0.029262931745251353,0.66252534153449,0.2075539637515985,-0.009684049542559414,-0.004870950774888578,-0.010936710088921789,0.0,0.0,0.0,0.0,0.0,0.0,0.0,0.0,0.0,0.0,0.0,0.0,-0.08583437651395798,-0.025183768942952156,-0.010352441109716892
0.0,0.0,0.0,LoadPallet,False,autonomous,False,0.0,0.0,0.0,0.0,0.0,0.0,0.0,-1,N/A,0.0,0.0,N/A,-1,N/A,0.0,0.0,N/A,-1,N/A,0.0,0.0,N/A,-1,N/A,0.0,0.0,N/A,-1,N/A,0.0,0.0,N/A,slot0,full,-6.608479964440088,0.13366449356369628,europalette_0,0,0,0,0,0,0,0,0,0,0,0,0,0,0,0,0,0,0,0.6000000238418579,0.0,0.0,0.0,0.0,0.0,0.0,0.0,0.0,0.0,0.0,0.6000000238418579,0.0,0.0,0.0,0.0,0.0,0.5692933201789856,-0.009784790687263012,0.0,-1.0641286487786799,-0.0021140138437798564,-0.029132761806665686,0.663809476830636,0.2075549708372339,-0.009784790895134954,-0.005196680152506821,-0.010936381464759335,0.0,0.0,0.0,0.0,0.0,0.0,0.0,0.0,0.0,0.0,0.0,0.0,-0.08583437651395798,-0.025183768942952156,-0.010352441109716892
0.0,0.0,0.0,LoadPallet,False,autonomous,False,0.0,0.0,0.0,0.0,0.0,0.0,0.0,-1,N/A,0.0,0.0,N/A,-1,N/A,0.0,0.0,N/A,-1,N/A,0.0,0.0,N/A,-1,N/A,0.0,0.0,N/A,-1,N/A,0.0,0.0,N/A,slot0,full,-6.608479964440088,0.13366449356369628,europalette_0,0,0,0,0,0,0,0,0,0,0,0,0,0,0,0,0,0,0,0.6000000238418579,0.0,0.0,0.0,0.0,0.0,0.0,0.0,0.0,0.0,0.0,0.6000000238418579,0.0,0.0,0.0,0.0,0.0,0.5535935163497925,-0.009889903478324413,0.0,-1.0747696515729421,-0.0021222789952853524,-0.029254452938179354,0.6630656216183581,0.20755557823914217,-0.009889903530621247,-0.005335673742456003,-0.010936050948337998,0.0,0.0,0.0,0.0,0.0,0.0,0.0,0.0,0.0,0.0,0.0,0.0,-0.08583437651395798,-0.025183768942952156,-0.010352441109716892
0.0,0.0,0.0,LoadPallet,False,autonomous,False,0.0,0.0,0.0,0.0,0.0,0.0,0.0,-1,N/A,0.0,0.0,N/A,-1,N/A,0.0,0.0,N/A,-1,N/A,0.0,0.0,N/A,-1,N/A,0.0,0.0,N/A,-1,N/A,0.0,0.0,N/A,slot0,full,-6.608479964440088,0.13366449356369628,europalette_0,0,0,0,0,0,0,0,0,0,0,0,0,0,0,0,0,0,0,0.6000000238418579,0.0,0.0,0.0,0.0,0.0,0.0,0.0,0.0,0.0,0.0,0.6000000238418579,0.0,0.0,0.0,0.0,0.0,0.614931046962738,-0.010009096004068851,0.0,-1.0642639615556861,-0.002114934993953148,-0.029119889974483115,0.6638941330455737,0.20756333146976483,-0.01000909572922648,-0.007944796938499463,-0.010935742319785778,0.0,0.0,0.0,0.0,0.0,0.0,0.0,0.0,0.0,0.0,0.0,0.0,-0.08583437651395798,-0.025183768942952156,-0.010352441109716892
0.0,0.0,0.0,LoadPallet,False,autonomous,False,0.0,0.0,0.0,0.0,0.0,0.0,0.0,-1,N/A,0.0,0.0,N/A,-1,N/A,0.0,0.0,N/A,-1,N/A,0.0,0.0,N/A,-1,N/A,0.0,0.0,N/A,-1,N/A,0.0,0.0,N/A,slot0,full,-6.608479964440088,0.13366449356369628,europalette_0,0,0,0,0,0,0,0,0,0,0,0,0,0,0,0,0,0,0,0.6000000238418579,0.0,0.0,0.0,0.0,0.0,0.0,0.0,0.0,0.0,0.0,0.6000000238418579,0.0,0.0,0.0,0.0,0.0,0.5995524525642395,-0.009961290284991264,0.0,-1.0757652596174498,-0.0021988091565489642,-0.029258602700932168,0.6575167324547522,0.20755825663168362,-0.009961290221465191,0.009946074185217977,-0.010935418366341388,0.0,0.0,0.0,0.0,0.0,0.0,0.0,0.0,0.0,0.0,0.0,0.0,-0.08583437651395798,-0.025183768942952156,-0.010352441109716892
0.0,0.0,0.0,LoadPallet,False,autonomous,False,0.0,0.0,0.0,0.0,0.0,0.0,0.0,-1,N/A,0.0,0.0,N/A,-1,N/A,0.0,0.0,N/A,-1,N/A,0.0,0.0,N/A,-1,N/A,0.0,0.0,N/A,-1,N/A,0.0,0.0,N/A,slot0,full,-6.608479964440088,0.13366449356369628,europalette_0,0,0,0,0,0,0,0,0,0,0,0,0,0,0,0,0,0,0,0.6000000238418579,0.0,0.0,0.0,0.0,0.0,0.0,0.0,0.0,0.0,0.0,0.6000000238418579,0.0,0.0,0.0,0.0,0.0,0.5836165547370911,-0.009863551706075668,0.0,-1.0641716877122755,-0.002126272236826432,-0.029133610708605095,0.6631795036155665,0.2075590851939657,-0.00986355206197409,0.00174893785030632,-0.010935123416196008,0.0,0.0,0.0,0.0,0.0,0.0,0.0,0.0,0.0,0.0,0.0,0.0,-0.08583437651395798,-0.025183768942952156,-0.010352441109716892
0.0,0.0,0.0,LoadPallet,False,autonomous,False,0.0,0.0,0.0,0.0,0.0,0.0,0.0,-1,N/A,0.0,0.0,N/A,-1,N/A,0.0,0.0,N/A,-1,N/A,0.0,0.0,N/A,-1,N/A,0.0,0.0,N/A,-1,N/A,0.0,0.0,N/A,slot0,full,-6.608479964440088,0.13366449356369628,europalette_0,0,0,0,0,0,0,0,0,0,0,0,0,0,0,0,0,0,0,0.6000000238418579,0.0,0.0,0.0,0.0,0.0,0.0,0.0,0.0,0.0,0.0,0.6000000238418579,0.0,0.0,0.0,0.0,0.0,0.5679192543029785,-0.009865155443549156,0.0,-1.075073631351258,-0.0021620811002651397,-0.029257420664089984,0.6600040561050093,0.20756022840333846,-0.009865155469261033,-0.0014377973880403704,-0.010934800028497319,0.0,0.0,0.0,0.0,0.0,0.0,0.0,0.0,0.0,0.0,0.0,0.0,-0.08583437651395798,-0.025183768942952156,-0.010352441109716892
0.0,0.0,0.0,LoadPallet,False,autonomous,False,0.0,0.0,0.0,0.0,0.0,0.0,0.0,-1,N/A,0.0,0.0,N/A,-1,N/A,0.0,0.0,N/A,-1,N/A,0.0,0.0,N/A,-1,N/A,0.0,0.0,N/A,-1,N/A,0.0,0.0,N/A,slot0,full,-6.608479964440088,0.13366449356369628,europalette_0,0,0,0,0,0,0,0,0,0,0,0,0,0,0,0,0,0,0,0.6000000238418579,0.0,0.0,0.0,0.0,0.0,0.0,0.0,0.0,0.0,0.0,0.6000000238418579,0.0,0.0,0.0,0.0,0.0,0.552218496799469,-0.009912106208503246,0.0,-1.0640887085286872,-0.002122961355527385,-0.0291327359210245,0.6635148221180032,0.2075608489222705,-0.009912106629202277,-0.0031129947574578265,-0.01093447285701615,0.0,0.0,0.0,0.0,0.0,0.0,0.0,0.0,0.0,0.0,0.0,0.0,-0.08583437651395798,-0.025183768942952156,-0.010352441109716892
0.0,0.0,0.0,LoadPallet,False,autonomous,False,0.0,0.0,0.0,0.0,0.0,0.0,0.0,-1,N/A,0.0,0.0,N/A,-1,N/A,0.0,0.0,N/A,-1,N/A,0.0,0.0,N/A,-1,N/A,0.0,0.0,N/A,-1,N/A,0.0,0.0,N/A,slot0,full,-6.608479964440088,0.13366449356369628,europalette_0,0,0,0,0,0,0,0,0,0,0,0,0,0,0,0,0,0,0,0.6000000238418579,0.0,0.0,0.0,0.0,0.0,0.0,0.0,0.0,0.0,0.0,0.6000000238418579,0.0,0.0,0.0,0.0,0.0,0.6135526299476624,-0.010003904812037945,0.0,-1.0753088801083983,-0.002131028840689206,-0.02925283504911086,0.6626936972323278,0.20756864714011514,-0.010003904659453333,-0.007235568015279377,-0.010934171598618352,0.0,0.0,0.0,0.0,0.0,0.0,0.0,0.0,0.0,0.0,0.0,0.0,-0.08583437651395798,-0.025183768942952156,-0.010352441109716892
0.0,0.0,0.0,LoadPallet,False,autonomous,False,0.0,0.0,0.0,0.0,0.0,0.0,0.0,-1,N/A,0.0,0.0,N/A,-1,N/A,0.0,0.0,N/A,-1,N/A,0.0,0.0,N/A,-1,N/A,0.0,0.0,N/A,-1,N/A,0.0,0.0,N/A,slot0,full,-6.608479964440088,0.13366449356369628,europalette_0,0,0,0,0,0,0,0,0,0,0,0,0,0,0,0,0,0,0,0.6000000238418579,0.0,0.0,0.0,0.0,0.0,0.0,0.0,0.0,0.0,0.0,0.6000000238418579,0.0,0.0,0.0,0.0,0.0,0.5981714725494385,-0.009944270364940166,0.0,-1.0701365844446942,-0.0021633572572303805,-0.02920235418899869,0.6596117625690283,0.20756483877570053,-0.009944270236016628,0.010681828862668193,-0.010933850623563885,0.0,0.0,0.0,0.0,0.0,0.0,0.0,0.0,0.0,0.0,0.0,0.0,-0.08583437651395798,-0.025183768942952156,-0.010352441109716892
0.0,0.0,0.0,LoadPallet,False,autonomous,False,0.0,0.0,0.0,0.0,0.0,0.0,0.0,-1,N/A,0.0,0.0,N/A,-1,N/A,0.0,0.0,N/A,-1,N/A,0.0,0.0,N/A,-1,N/A,0.0,0.0,N/A,-1,N/A,0.0,0.0,N/A,slot0,full,-6.608479964440088,0.13366449356369628,europalette_0,0,0,0,0,0,0,0,0,0,0,0,0,0,0,0,0,0,0,0.6000000238418579,0.0,0.0,0.0,0.0,0.0,0.0,0.0,0.0,0.0,0.0,0.6000000238418579,0.0,0.0,0.0,0.0,0.0,0.5822480916976929,-0.009849813766777515,0.0,-1.0811539122180953,-0.002216264234607329,-0.029327101910382847,0.6556562999421374,0.20756643516005402,-0.009849814173852778,0.0010619372897872886,-0.010933581077319343,0.0,0.0,0.0,0.0,0.0,0.0,0.0,0.0,0.0,0.0,0.0,0.0,-0.08583437651395798,-0.025183768942952156,-0.010352441109716892
0.0,0.0,0.0,LoadPallet,False,autonomous,False,0.0,0.0,0.0,0.0,0.0,0.0,0.0,-1,N/A,0.0,0.0,N/A,-1,N/A,0.0,0.0,N/A,-1,N/A,0.0,0.0,N/A,-1,N/A,0.0,0.0,N/A,-1,N/A,0.0,0.0,N/A,slot0,full,-6.608479964440088,0.13366449356369628,europalette_0,0,0,0,0,0,0,0,0,0,0,0,0,0,0,0,0,0,0,0.6000000238418579,0.0,0.0,0.0,0.0,0.0,0.0,0.0,0.0,0.0,0.0,0.6000000238418579,0.0,0.0,0.0,0.0,0.0,0.5664366483688354,-0.009881898760795593,0.0,-1.0697278277475784,-0.0021413719529988218,-0.02919618934994278,0.6625984455435798,0.20756606704853706,-0.009881898714387383,-0.002877859511528799,-0.010933286351918826,0.0,0.0,0.0,0.0,0.0,0.0,0.0,0.0,0.0,0.0,0.0,0.0,-0.08583437651395798,-0.025183768942952156,-0.010352441109716892
0.0,0.0,0.0,LoadPallet,False,autonomous,False,0.0,0.0,0.0,0.0,0.0,0.0,0.0,-1,N/A,0.0,0.0,N/A,-1,N/A,0.0,0.0,N/A,-1,N/A,0.0,0.0,N/A,-1,N/A,0.0,0.0,N/A,-1,N/A,0.0,0.0,N/A,slot0,full,-6.608479964440088,0.13366449356369628,europalette_0,0,0,0,0,0,0,0,0,0,0,0,0,0,0,0,0,0,0,0.6000000238418579,0.0,0.0,0.0,0.0,0.0,0.0,0.0,0.0,0.0,0.0,0.6000000238418579,0.0,0.0,0.0,0.0,0.0,0.5508432984352112,-0.009953571483492851,0.0,-1.0804474590892292,-0.0021504794603190713,-0.02931296813005485,0.6614585546738567,0.20757252168533458,-0.009953571760020985,-0.004125244772368199,-0.010932961460548408,0.0,0.0,0.0,0.0,0.0,0.0,0.0,0.0,0.0,0.0,0.0,0.0,-0.08583437651395798,-0.025183768942952156,-0.010352441109716892
0.0,0.0,0.0,LoadPallet,False,autonomous,False,0.0,0.0,0.0,0.0,0.0,0.0,0.0,-1,N/A,0.0,0.0,N/A,-1,N/A,0.0,0.0,N/A,-1,N/A,0.0,0.0,N/A,-1,N/A,0.0,0.0,N/A,-1,N/A,0.0,0.0,N/A,slot0,full,-6.608479964440088,0.13366449356369628,europalette_0,0,0,0,0,0,0,0,0,0,0,0,0,0,0,0,0,0,0,0.6000000238418579,0.0,0.0,0.0,0.0,0.0,0.0,0.0,0.0,0.0,0.0,0.6000000238418579,0.0,0.0,0.0,0.0,0.0,0.6124253273010254,-0.010049148462712765,0.0,-1.070322398313329,-0.0021518329250043502,-0.02919712220776599,0.661543875315374,0.20756810531261619,-0.010049148747364178,-0.006525310251984639,-0.010932658182281244,0.0,0.0,0.0,0.0,0.0,0.0,0.0,0.0,0.0,0.0,0.0,0.0,-0.08583437651395798,-0.025183768942952156,-0.010352441109716892
0.0,0.0,0.0,LoadPallet,False,autonomous,False,0.0,0.0,0.0,0.0,0.0,0.0,0.0,-1,N/A,0.0,0.0,N/A,-1,N/A,0.0,0.0,N/A,-1,N/A,0.0,0.0,N/A,-1,N/A,0.0,0.0,N/A,-1,N/A,0.0,0.0,N/A,slot0,full,-6.608479964440088,0.13366449356369628,europalette_0,0,0,0,0,0,0,0,0,0,0,0,0,0,0,0,0,0,0,0.6000000238418579,0.0,0.0,0.0,0.0,0.0,0.0,0.0,0.0,0.0,0.0,0.6000000238418579,0.0,0.0,0.0,0.0,0.0,0.5966626405715942,-0.009980805218219757,0.0,-1.07570476638673,-0.002214940703379721,-0.029259332599806454,0.6569112760780911,0.20756916025317096,-0.00998080493944542,0.01057683540252998,-0.010932354511917255,0.0,0.0,0.0,0.0,0.0,0.0,0.0,0.0,0.0,0.0,0.0,0.0,-0.08583437651395798,-0.025183768942952156,-0.010352441109716892
0.0,0.0,0.0,LoadPallet,False,autonomous,False,0.0,0.0,0.0,0.0,0.0,0.0,0.0,-1,N/A,0.0,0.0,N/A,-1,N/A,0.0,0.0,N/A,-1,N/A,0.0,0.0,N/A,-1,N/A,0.0,0.0,N/A,-1,N/A,0.0,0.0,N/A,slot0,full,-6.608479964440088,0.13366449356369628,europalette_0,0,0,0,0,0,0,0,0,0,0,0,0,0,0,0,0,0,0,0.6000000238418579,0.0,0.0,0.0,0.0,0.0,0.0,0.0,0.0,0.0,0.0,0.6000000238418579,0.0,0.0,0.0,0.0,0.0,0.5810717344284058,-0.009849711321294308,0.0,-1.0641633974752436,-0.0021352808916170057,-0.029134078158964016,0.6631139219128954,0.20757012184928736,-0.009849711760193891,0.003762440771738553,-0.01093208415357571,0.0,0.0,0.0,0.0,0.0,0.0,0.0,0.0,0.0,0.0,0.0,0.0,-0.08583437651395798,-0.025183768942952156,-0.010352441109716892
0.0,0.0,0.0,LoadPallet,False,autonomous,False,0.0,0.0,0.0,0.0,0.0,0.0,0.0,-1,N/A,0.0,0.0,N/A,-1,N/A,0.0,0.0,N/A,-1,N/A,0.0,0.0,N/A,-1,N/A,0.0,0.0,N/A,-1,N/A,0.0,0.0,N/A,slot0,full,-6.608479964440088,0.13366449356369628,europalette_0,0,0,0,0,0,0,0,0,0,0,0,0,0,0,0,0,0,0,0.6000000238418579,0.0,0.0,0.0,0.0,0.0,0.0,0.0,0.0,0.0,0.0,0.6000000238418579,0.0,0.0,0.0,0.0,0.0,0.565163791179657,-0.009829402901232243,0.0,-1.0750130381262446,-0.0021768822810960126,-0.029257747742332807,0.6594631441728893,0.20757075309102682,-0.009829402517061325,-0.0007269117869915962,-0.010931771349839291,0.0,0.0,0.0,0.0,0.0,0.0,0.0,0.0,0.0,0.0,0.0,0.0,-0.08583437651395798,-0.025183768942952156,-0.010352441109716892
0.0,0.0,0.0,LoadPallet,False,autonomous,False,0.0,0.0,0.0,0.0,0.0,0.0,0.0,-1,N/A,0.0,0.0,N/A,-1,N/A,0.0,0.0,N/A,-1,N/A,0.0,0.0,N/A,-1,N/A,0.0,0.0,N/A,-1,N/A,0.0,0.0,N/A,slot0,full,-6.608479964440088,0.13366449356369628,europalette_0,0,0,0,0,0,0,0,0,0,0,0,0,0,0,0,0,0,0,0.6000000238418579,0.0,0.0,0.0,0.0,0.0,0.0,0.0,0.0,0.0,0.0,0.6000000238418579,0.0,0.0,0.0,0.0,0.0,0.5494658350944519,-0.009865103289484978,0.0,-1.069805142222454,-0.0021457579733347304,-0.029192087860230087,0.6624828785628267,0.2075778382993622,-0.009865103188774427,-0.002673645872631936,-0.010931447711171969,0.0,0.0,0.0,0.0,0.0,0.0,0.0,0.0,0.0,0.0,0.0,0.0,-0.08583437651395798,-0.025183768942952156,-0.010352441109716892
0.0,0.0,0.0,LoadPallet,False,autonomous,False,0.0,0.0,0.0,0.0,0.0,0.0,0.0,-1,N/A,0.0,0.0,N/A,-1,N/A,0.0,0.0,N/A,-1,N/A,0.0,0.0,N/A,-1,N/A,0.0,0.0,N/A,-1,N/A,0.0,0.0,N/A,slot0,full,-6.608479964440088,0.13366449356369628,europalette_0,0,0,0,0,0,0,0,0,0,0,0,0,0,0,0,0,0,0,0.6000000238418579,0.0,0.0,0.0,0.0,0.0,0.0,0.0,0.0,0.0,0.0,0.6000000238418579,0.0,0.0,0.0,0.0,0.0,0.6110445261001587,-0.009938860312104225,0.0,-1.0813007668120136,-0.002148267025705801,-0.02932780431597315,0.6620278487569919,0.20757322547004217,-0.009938860664078675,-0.005845124348004211,-0.01093114717991838,0.0,0.0,0.0,0.0,0.0,0.0,0.0,0.0,0.0,0.0,0.0,0.0,-0.08583437651395798,-0.025183768942952156,-0.010352441109716892
0.0,0.0,0.0,LoadPallet,False,autonomous,False,0.0,0.0,0.0,0.0,0.0,0.0,0.0,-1,N/A,0.0,0.0,N/A,-1,N/A,0.0,0.0,N/A,-1,N/A,0.0,0.0,N/A,-1,N/A,0.0,0.0,N/A,-1,N/A,0.0,0.0,N/A,slot0,full,-6.608479964440088,0.13366449356369628,europalette_0,0,0,0,0,0,0,0,0,0,0,0,0,0,0,0,0,0,0,0.6000000238418579,0.0,0.0,0.0,0.0,0.0,0.0,0.0,0.0,0.0,0.0,0.6000000238418579,0.0,0.0,0.0,0.0,0.0,0.5955090522766113,-0.010065273381769657,0.0,-1.0701005492709816,-0.0021579191455636942,-0.029201919486931516,0.6614780675016618,0.2075757283462341,-0.01006527378019939,-0.006523640900153259,-0.01093083485149072,0.0,0.0,0.0,0.0,0.0,0.0,0.0,0.0,0.0,0.0,0.0,0.0,-0.08583437651395798,-0.025183768942952156,-0.010352441109716892
0.0,0.0,0.0,LoadPallet,False,autonomous,False,0.0,0.0,0.0,0.0,0.0,0.0,0.0,-1,N/A,0.0,0.0,N/A,-1,N/A,0.0,0.0,N/A,-1,N/A,0.0,0.0,N/A,-1,N/A,0.0,0.0,N/A,-1,N/A,0.0,0.0,N/A,slot0,full,-6.608479964440088,0.13366449356369628,europalette_0,0,0,0,0,0,0,0,0,0,0,0,0,0,0,0,0,0,0,0.6000000238418579,0.0,0.0,0.0,0.0,0.0,0.0,0.0,0.0,0.0,0.0,0.6000000238418579,0.0,0.0,0.0,0.0,0.0,0.5798108577728271,-0.009981049224734306,0.0,-1.081066365167331,-0.002278508447240965,-0.02932723073022797,0.6522003084232324,0.20757622814092053,-0.009981049271181597,0.012822200309738154,-0.010930505682613768,0.0,0.0,0.0,0.0,0.0,0.0,0.0,0.0,0.0,0.0,0.0,0.0,-0.08583437651395798,-0.025183768942952156,-0.010352441109716892
0.0,0.0,0.0,LoadPallet,False,autonomous,False,0.0,0.0,0.0,0.0,0.0,0.0,0.0,-1,N/A,0.0,0.0,N/A,-1,N/A,0.0,0.0,N/A,-1,N/A,0.0,0.0,N/A,-1,N/A,0.0,0.0,N/A,-1,N/A,0.0,0.0,N/A,slot0,full,-6.608479964440088,0.13366449356369628,europalette_0,0,0,0,0,0,0,0,0,0,0,0,0,0,0,0,0,0,0,0.6000000238418579,0.0,0.0,0.0,0.0,0.0,0.0,0.0,0.0,0.0,0.0,0.6000000238418579,0.0,0.0,0.0,0.0,0.0,0.5636948943138123,-0.009847438894212246,0.0,-1.0696919659651876,-0.0021653522968713493,-0.029196045166157814,0.6612267097092399,0.20757620567050103,-0.009847438699752686,0.0021345302322849564,-0.010930253493206811,0.0,0.0,0.0,0.0,0.0,0.0,0.0,0.0,0.0,0.0,0.0,0.0,-0.08583437651395798,-0.025183768942952156,-0.010352441109716892
0.0,0.0,0.0,LoadPallet,False,autonomous,False,0.0,0.0,0.0,0.0,0.0,0.0,0.0,-1,N/A,0.0,0.0,N/A,-1,N/A,0.0,0.0,N/A,-1,N/A,0.0,0.0,N/A,-1,N/A,0.0,0.0,N/A,-1,N/A,0.0,0.0,N/A,slot0,full,-6.608479964440088,0.13366449356369628,europalette_0,0,0,0,0,0,0,0,0,0,0,0,0,0,0,0,0,0,0,0.6000000238418579,0.0,0.0,0.0,0.0,0.0,0.0,0.0,0.0,0.0,0.0,0.6000000238418579,0.0,0.0,0.0,0.0,0.0,0.548037588596344,-0.009844562038779259,0.0,-1.0803591487736055,-0.002184570672332589,-0.02931102443640643,0.6593322094034875,0.20758386778723353,-0.009844562361885245,-0.0011303749226042412,-0.01092993135001094,0.0,0.0,0.0,0.0,0.0,0.0,0.0,0.0,0.0,0.0,0.0,0.0,-0.08583437651395798,-0.025183768942952156,-0.010352441109716892
0.0,0.0,0.0,LoadPallet,False,autonomous,False,0.0,0.0,0.0,0.0,0.0,0.0,0.0,-1,N/A,0.0,0.0,N/A,-1,N/A,0.0,0.0,N/A,-1,N/A,0.0,0.0,N/A,-1,N/A,0.0,0.0,N/A,-1,N/A,0.0,0.0,N/A,slot0,full,-6.608479964440088,0.13366449356369628,europalette_0,0,0,0,0,0,0,0,0,0,0,0,0,0,0,0,0,0,0,0.6000000238418579,0.0,0.0,0.0,0.0,0.0,0.0,0.0,0.0,0.0,0.0,0.6000000238418579,0.0,0.0,0.0,0.0,0.0,0.609656035900116,-0.009931755252182484,0.0,-1.0642471873656074,-0.002135370532513857,-0.029121211833344485,0.663841589519393,0.20758478609282494,-0.009931755712872636,-0.006220158645517078,-0.010929628900402303,0.0,0.0,0.0,0.0,0.0,0.0,0.0,0.0,0.0,0.0,0.0,0.0,-0.08583437651395798,-0.025183768942952156,-0.010352441109716892
0.0,0.0,0.0,LoadPallet,False,autonomous,False,0.0,0.0,0.0,0.0,0.0,0.0,0.0,-1,N/A,0.0,0.0,N/A,-1,N/A,0.0,0.0,N/A,-1,N/A,0.0,0.0,N/A,-1,N/A,0.0,0.0,N/A,-1,N/A,0.0,0.0,N/A,slot0,full,-6.608479964440088,0.13366449356369628,europalette_0,0,0,0,0,0,0,0,0,0,0,0,0,0,0,0,0,0,0,0.6000000238418579,0.0,0.0,0.0,0.0,0.0,0.0,0.0,0.0,0.0,0.0,0.6000000238418579,0.0,0.0,0.0,0.0,0.0,0.5938459038734436,-0.010061543434858322,0.0,-1.0756427731289664,-0.0021336022334327923,-0.029259840078925736,0.6636770123679128,0.2075784820924757,-0.01006154388928504,-0.006455159698797898,-0.010929306166181664,0.0,0.0,0.0,0.0,0.0,0.0,0.0,0.0,0.0,0.0,0.0,0.0,-0.08583437651395798,-0.025183768942952156,-0.010352441109716892
0.0,0.0,0.0,LoadPallet,False,autonomous,False,0.0,0.0,0.0,0.0,0.0,0.0,0.0,-1,N/A,0.0,0.0,N/A,-1,N/A,0.0,0.0,N/A,-1,N/A,0.0,0.0,N/A,-1,N/A,0.0,0.0,N/A,-1,N/A,0.0,0.0,N/A,slot0,full,-6.608479964440088,0.13366449356369628,europalette_0,0,0,0,0,0,0,0,0,0,0,0,0,0,0,0,0,0,0,0.6000000238418579,0.0,0.0,0.0,0.0,0.0,0.0,0.0,0.0,0.0,0.0,0.6000000238418579,0.0,0.0,0.0,0.0,0.0,0.5784199237823486,-0.009975475259125233,0.0,-1.0641549539187203,-0.002129794982913491,-0.02913374192212631,0.6632735393779683,0.20758125963701254,-0.009975475545301649,0.011952363103181981,-0.010928982165165243,0.0,0.0,0.0,0.0,0.0,0.0,0.0,0.0,0.0,0.0,0.0,0.0,-0.08583437651395798,-0.025183768942952156,-0.010352441109716892
0.0,0.0,0.0,LoadPallet,False,autonomous,False,0.0,0.0,0.0,0.0,0.0,0.0,0.0,-1,N/A,0.0,0.0,N/A,-1,N/A,0.0,0.0,N/A,-1,N/A,0.0,0.0,N/A,-1,N/A,0.0,0.0,N/A,-1,N/A,0.0,0.0,N/A,slot0,full,-6.608479964440088,0.13366449356369628,europalette_0,0,0,0,0,0,0,0,0,0,0,0,0,0,0,0,0,0,0,0.6000000238418579,0.0,0.0,0.0,0.0,0.0,0.0,0.0,0.0,0.0,0.0,0.6000000238418579,0.0,0.0,0.0,0.0,0.0,0.5624158978462219,-0.009834891185164452,0.0,-1.074952915287522,-0.002228701751115003,-0.029257260691451847,0.6559206288228836,0.20758149065131257,-0.009834890982921785,0.0035928636851542944,-0.010928708106402714,0.0,0.0,0.0,0.0,0.0,0.0,0.0,0.0,0.0,0.0,0.0,0.0,-0.08583437651395798,-0.025183768942952156,-0.010352441109716892
0.0,0.0,0.0,LoadPallet,False,autonomous,False,0.0,0.0,0.0,0.0,0.0,0.0,0.0,-1,N/A,0.0,0.0,N/A,-1,N/A,0.0,0.0,N/A,-1,N/A,0.0,0.0,N/A,-1,N/A,0.0,0.0,N/A,-1,N/A,0.0,0.0,N/A,slot0,full,-6.608479964440088,0.13366449356369628,europalette_0,0,0,0,0,0,0,0,0,0,0,0,0,0,0,0,0,0,0,0.6000000238418579,0.0,0.0,0.0,0.0,0.0,0.0,0.0,0.0,0.0,0.0,0.6000000238418579,0.0,0.0,0.0,0.0,0.0,0.5469132661819458,-0.009817096404731274,0.0,-1.0640720763521774,-0.0021474656520523994,-0.02913292753365876,0.6633147089785609,0.20758258713706482,-0.009817096567728001,-0.0008857074170360089,-0.010928404114277443,0.0,0.0,0.0,0.0,0.0,0.0,0.0,0.0,0.0,0.0,0.0,0.0,-0.08583437651395798,-0.025183768942952156,-0.010352441109716892
0.0,0.0,0.0,LoadPallet,False,autonomous,False,0.0,0.0,0.0,0.0,0.0,0.0,0.0,-1,N/A,0.0,0.0,N/A,-1,N/A,0.0,0.0,N/A,-1,N/A,0.0,0.0,N/A,-1,N/A,0.0,0.0,N/A,-1,N/A,0.0,0.0,N/A,slot0,full,-6.608479964440088,0.13366449356369628,europalette_0,0,0,0,0,0,0,0,0,0,0,0,0,0,0,0,0,0,0,0.6000000238418579,0.0,0.0,0.0,0.0,0.0,0.0,0.0,0.0,0.0,0.0,0.6000000238418579,0.0,0.0,0.0,0.0,0.0,0.6081697344779968,-0.00989310722798109,0.0,-1.0751872871085917,-0.0021509970393132627,-0.029251793826359396,0.6625486539006147,0.20759038702417132,-0.009893107412919377,-0.007237256617196358,-0.01092812780097131,0.0,0.0,0.0,0.0,0.0,0.0,0.0,0.0,0.0,0.0,0.0,0.0,-0.08583437651395798,-0.025183768942952156,-0.010352441109716892
0.0,0.0,0.0,LoadPallet,False,autonomous,False,0.0,0.0,0.0,0.0,0.0,0.0,0.0,-1,N/A,0.0,0.0,N/A,-1,N/A,0.0,0.0,N/A,-1,N/A,0.0,0.0,N/A,-1,N/A,0.0,0.0,N/A,-1,N/A,0.0,0.0,N/A,slot0,full,-6.608479964440088,0.13366449356369628,europalette_0,0,0,0,0,0,0,0,0,0,0,0,0,0,0,0,0,0,0,0.6000000238418579,0.0,0.0,0.0,0.0,0.0,0.0,0.0,0.0,0.0,0.0,0.6000000238418579,0.0,0.0,0.0,0.0,0.0,0.5926610231399536,-0.010043920949101448,0.0,-1.0641979878212169,-0.002138050831708836,-0.029136233598806238,0.6639759774605523,0.2075841767207883,-0.01004392080890959,-0.00738467693850586,-0.010927809569516198,0.0,0.0,0.0,0.0,0.0,0.0,0.0,0.0,0.0,0.0,0.0,0.0,-0.08583437651395798,-0.025183768942952156,-0.010352441109716892
0.0,0.0,0.0,LoadPallet,False,autonomous,False,0.0,0.0,0.0,0.0,0.0,0.0,0.0,-1,N/A,0.0,0.0,N/A,-1,N/A,0.0,0.0,N/A,-1,N/A,0.0,0.0,N/A,-1,N/A,0.0,0.0,N/A,-1,N/A,0.0,0.0,N/A,slot0,full,-6.608479964440088,0.13366449356369628,europalette_0,0,0,0,0,0,0,0,0,0,0,0,0,0,0,0,0,0,0,0.6000000238418579,0.0,0.0,0.0,0.0,0.0,0.0,0.0,0.0,0.0,0.0,0.6000000238418579,0.0,0.0,0.0,0.0,0.0,0.5768976211547852,-0.009967418387532234,0.0,-1.0809782030998223,-0.0022825668890372255,-0.02932701268866461,0.6527887257200007,0.2075859543624299,-0.009967418244220205,0.011395820077595771,-0.010927485952993485,0.0,0.0,0.0,0.0,0.0,0.0,0.0,0.0,0.0,0.0,0.0,0.0,-0.08583437651395798,-0.025183768942952156,-0.010352441109716892
0.0,0.0,0.0,LoadPallet,False,autonomous,False,0.0,0.0,0.0,0.0,0.0,0.0,0.0,-1,N/A,0.0,0.0,N/A,-1,N/A,0.0,0.0,N/A,-1,N/A,0.0,0.0,N/A,-1,N/A,0.0,0.0,N/A,-1,N/A,0.0,0.0,N/A,slot0,full,-6.608479964440088,0.13366449356369628,europalette_0,0,0,0,0,0,0,0,0,0,0,0,0,0,0,0,0,0,0,0.6000000238418579,0.0,0.0,0.0,0.0,0.0,0.0,0.0,0.0,0.0,0.0,0.6000000238418579,0.0,0.0,0.0,0.0,0.0,0.5611854791641235,-0.009835870005190372,0.0,-1.0696563061977544,-0.0021759990123344855,-0.029196290349062293,0.6611386292082102,0.20758780235150098,-0.009835870217672849,0.0026299256886757397,-0.010927199269276955,0.0,0.0,0.0,0.0,0.0,0.0,0.0,0.0,0.0,0.0,0.0,0.0,-0.08583437651395798,-0.025183768942952156,-0.010352441109716892
0.0,0.0,0.0,LoadPallet,False,autonomous,False,0.0,0.0,0.0,0.0,0.0,0.0,0.0,-1,N/A,0.0,0.0,N/A,-1,N/A,0.0,0.0,N/A,-1,N/A,0.0,0.0,N/A,-1,N/A,0.0,0.0,N/A,-1,N/A,0.0,0.0,N/A,slot0,full,-6.608479964440088,0.13366449356369628,europalette_0,0,0,0,0,0,0,0,0,0,0,0,0,0,0,0,0,0,0,0.6000000238418579,0.0,0.0,0.0,0.0,0.0,0.0,0.0,0.0,0.0,0.0,0.6000000238418579,0.0,0.0,0.0,0.0,0.0,0.5453304648399353,-0.00982900895178318,0.0,-1.0802712651059236,-0.0021970994181006037,-0.02931093078113134,0.6590633929829153,0.20759508598912352,-0.009829008854863375,-0.0013924186710448198,-0.010926894654069444,0.0,0.0,0.0,0.0,0.0,0.0,0.0,0.0,0.0,0.0,0.0,0.0,-0.08583437651395798,-0.025183768942952156,-0.010352441109716892
0.0,0.0,0.0,LoadPallet,False,autonomous,False,0.0,0.0,0.0,0.0,0.0,0.0,0.0,-1,N/A,0.0,0.0,N/A,-1,N/A,0.0,0.0,N/A,-1,N/A,0.0,0.0,N/A,-1,N/A,0.0,0.0,N/A,-1,N/A,0.0,0.0,N/A,slot0,full,-6.608479964440088,0.13366449356369628,europalette_0,0,0,0,0,0,0,0,0,0,0,0,0,0,0,0,0,0,0,0.6000000238418579,0.0,0.0,0.0,0.0,0.0,0.0,0.0,0.0,0.0,0.0,0.6000000238418579,0.0,0.0,0.0,0.0,0.0,0.6068593859672546,-0.009911894798278809,0.0,-1.0702502417281314,-0.0021436331573152015,-0.029197036038857094,0.6640342174385125,0.20758808687401975,-0.009911894712406166,-0.00722453862176728,-0.010926613511162609,0.0,0.0,0.0,0.0,0.0,0.0,0.0,0.0,0.0,0.0,0.0,0.0,-0.08583437651395798,-0.025183768942952156,-0.010352441109716892
0.0,0.0,0.0,LoadPallet,False,autonomous,False,0.0,0.0,0.0,0.0,0.0,0.0,0.0,-1,N/A,0.0,0.0,N/A,-1,N/A,0.0,0.0,N/A,-1,N/A,0.0,0.0,N/A,-1,N/A,0.0,0.0,N/A,-1,N/A,0.0,0.0,N/A,slot0,full,-6.608479964440088,0.13366449356369628,europalette_0,0,0,0,0,0,0,0,0,0,0,0,0,0,0,0,0,0,0,0.6000000238418579,0.0,0.0,0.0,0.0,0.0,0.0,0.0,0.0,0.0,0.0,0.6000000238418579,0.0,0.0,0.0,0.0,0.0,0.5913349390029907,-0.010058669373393059,0.0,-1.0755821308985283,-0.0021357121014339772,-0.029257772431859008,0.664267319728765,0.20759012351449213,-0.010058669751018101,-0.0070338129436591365,-0.010926291845153875,0.0,0.0,0.0,0.0,0.0,0.0,0.0,0.0,0.0,0.0,0.0,0.0,-0.08583437651395798,-0.025183768942952156,-0.010352441109716892
0.0,0.0,0.0,LoadPallet,False,autonomous,False,0.0,0.0,0.0,0.0,0.0,0.0,0.0,-1,N/A,0.0,0.0,N/A,-1,N/A,0.0,0.0,N/A,-1,N/A,0.0,0.0,N/A,-1,N/A,0.0,0.0,N/A,-1,N/A,0.0,0.0,N/A,slot0,full,-6.608479964440088,0.13366449356369628,europalette_0,0,0,0,0,0,0,0,0,0,0,0,0,0,0,0,0,0,0,0.6000000238418579,0.0,0.0,0.0,0.0,0.0,0.0,0.0,0.0,0.0,0.0,0.6000000238418579,0.0,0.0,0.0,0.0,0.0,0.575562596321106,-0.009966658428311348,0.0,-1.0641465944016968,-0.002136425017835404,-0.029133486001360398,0.6633886069741664,0.20759141003291545,-0.009966658596120226,0.013320053820822127,-0.010925968346304757,0.0,0.0,0.0,0.0,0.0,0.0,0.0,0.0,0.0,0.0,0.0,0.0,-0.08583437651395798,-0.025183768942952156,-0.010352441109716892
0.0,0.0,0.0,LoadPallet,False,autonomous,False,0.0,0.0,0.0,0.0,0.0,0.0,0.0,-1,N/A,0.0,0.0,N/A,-1,N/A,0.0,0.0,N/A,-1,N/A,0.0,0.0,N/A,-1,N/A,0.0,0.0,N/A,-1,N/A,0.0,0.0,N/A,slot0,full,-6.608479964440088,0.13366449356369628,europalette_0,0,0,0,0,0,0,0,0,0,0,0,0,0,0,0,0,0,0,0.6000000238418579,0.0,0.0,0.0,0.0,0.0,0.0,0.0,0.0,0.0,0.0,0.6000000238418579,0.0,0.0,0.0,0.0,0.0,0.5596925020217896,-0.009811230935156345,0.0,-1.0749036479259342,-0.002240036534715044,-0.029256319802985764,0.6557445956615027,0.20759178353663432,-0.009811230538309346,0.0027267323268881666,-0.010925698163282593,0.0,0.0,0.0,0.0,0.0,0.0,0.0,0.0,0.0,0.0,0.0,0.0,-0.08583437651395798,-0.025183768942952156,-0.010352441109716892
0.0,0.0,0.0,LoadPallet,False,autonomous,False,0.0,0.0,0.0,0.0,0.0,0.0,0.0,-1,N/A,0.0,0.0,N/A,-1,N/A,0.0,0.0,N/A,-1,N/A,0.0,0.0,N/A,-1,N/A,0.0,0.0,N/A,-1,N/A,0.0,0.0,N/A,slot0,full,-6.608479964440088,0.13366449356369628,europalette_0,0,0,0,0,0,0,0,0,0,0,0,0,0,0,0,0,0,0,0.6000000238418579,0.0,0.0,0.0,0.0,0.0,0.0,0.0,0.0,0.0,0.0,0.6000000238418579,0.0,0.0,0.0,0.0,0.0,0.6212000846862793,-0.009851742535829544,0.0,-1.0642817852231348,-0.0021553449724334567,-0.029121232305294342,0.6636330633917851,0.20759981424392568,-0.009851742502775096,-0.005999327640006137,-0.010925414920794945,0.0,0.0,0.0,0.0,0.0,0.0,0.0,0.0,0.0,0.0,0.0,0.0,-0.08583437651395798,-0.025183768942952156,-0.010352441109716892
0.0,0.0,0.0,LoadPallet,False,autonomous,False,0.0,0.0,0.0,0.0,0.0,0.0,0.0,-1,N/A,0.0,0.0,N/A,-1,N/A,0.0,0.0,N/A,-1,N/A,0.0,0.0,N/A,-1,N/A,0.0,0.0,N/A,-1,N/A,0.0,0.0,N/A,slot0,full,-6.608479964440088,0.13366449356369628,europalette_0,0,0,0,0,0,0,0,0,0,0,0,0,0,0,0,0,0,0,0.6000000238418579,0.0,0.0,0.0,0.0,0.0,0.0,0.0,0.0,0.0,0.0,0.6000000238418579,0.0,0.0,0.0,0.0,0.0,0.6056349873542786,-0.009991385042667389,0.0,-1.0818923305274541,-0.002142200020224007,-0.029328901141134178,0.664057377343994,0.20759589146895946,-0.009991385346557635,-0.007134195826966638,-0.01092510592494492,0.0,0.0,0.0,0.0,0.0,0.0,0.0,0.0,0.0,0.0,0.0,0.0,-0.08583437651395798,-0.025183768942952156,-0.010352441109716892
0.0,0.0,0.0,LoadPallet,False,autonomous,False,0.0,0.0,0.0,0.0,0.0,0.0,0.0,-1,N/A,0.0,0.0,N/A,-1,N/A,0.0,0.0,N/A,-1,N/A,0.0,0.0,N/A,-1,N/A,0.0,0.0,N/A,-1,N/A,0.0,0.0,N/A,slot0,full,-6.608479964440088,0.13366449356369628,europalette_0,0,0,0,0,0,0,0,0,0,0,0,0,0,0,0,0,0,0,0.6000000238418579,0.0,0.0,0.0,0.0,0.0,0.0,0.0,0.0,0.0,0.0,0.6000000238418579,0.0,0.0,0.0,0.0,0.0,0.5895940661430359,-0.010127655230462551,0.0,-1.0700282682974986,-0.0021728985653602165,-0.02919866920693176,0.6616086214613119,0.20759645775282476,-0.010127655459211127,-0.006596493834626793,-0.010924786432873956,0.0,0.0,0.0,0.0,0.0,0.0,0.0,0.0,0.0,0.0,0.0,0.0,-0.08583437651395798,-0.025183768942952156,-0.010352441109716892
0.0,0.0,0.0,LoadPallet,False,autonomous,False,0.0,0.0,0.0,0.0,0.0,0.0,0.0,-1,N/A,0.0,0.0,N/A,-1,N/A,0.0,0.0,N/A,-1,N/A,0.0,0.0,N/A,-1,N/A,0.0,0.0,N/A,-1,N/A,0.0,0.0,N/A,slot0,full,-6.608479964440088,0.13366449356369628,europalette_0,0,0,0,0,0,0,0,0,0,0,0,0,0,0,0,0,0,0,0.6000000238418579,0.0,0.0,0.0,0.0,0.0,0.0,0.0,0.0,0.0,0.0,0.6000000238418579,0.0,0.0,0.0,0.0,0.0,0.5742406249046326,-0.01002929825335741,0.0,-1.080889419211288,-0.002335413143470036,-0.02932264184630151,0.649127790935097,0.2075971113812147,-0.010029298547425292,0.01350421624026866,-0.010924461503655862,0.0,0.0,0.0,0.0,0.0,0.0,0.0,0.0,0.0,0.0,0.0,0.0,-0.08583437651395798,-0.025183768942952156,-0.010352441109716892
0.0,0.0,0.0,LoadPallet,False,autonomous,False,0.0,0.0,0.0,0.0,0.0,0.0,0.0,-1,N/A,0.0,0.0,N/A,-1,N/A,0.0,0.0,N/A,-1,N/A,0.0,0.0,N/A,-1,N/A,0.0,0.0,N/A,-1,N/A,0.0,0.0,N/A,slot0,full,-6.608479964440088,0.13366449356369628,europalette_0,0,0,0,0,0,0,0,0,0,0,0,0,0,0,0,0,0,0,0.6000000238418579,0.0,0.0,0.0,0.0,0.0,0.0,0.0,0.0,0.0,0.0,0.6000000238418579,0.0,0.0,0.0,0.0,0.0,0.5585285425186157,-0.009662398137152195,0.0,-1.0699193568237826,-0.002213184787280914,-0.029191716832473902,0.6582488547120136,0.20760447421703315,-0.009662398537427563,0.021091224482705825,-0.010924202212917232,0.0,0.0,0.0,0.0,0.0,0.0,0.0,0.0,0.0,0.0,0.0,0.0,-0.08583437651395798,-0.025183768942952156,-0.010352441109716892
0.0,0.0,0.0,LoadPallet,False,autonomous,False,0.0,0.0,0.0,0.0,0.0,0.0,0.0,-1,N/A,0.0,0.0,N/A,-1,N/A,0.0,0.0,N/A,-1,N/A,0.0,0.0,N/A,-1,N/A,0.0,0.0,N/A,-1,N/A,0.0,0.0,N/A,slot0,full,-6.608479964440088,0.13366449356369628,europalette_0,0,0,0,0,0,0,0,0,0,0,0,0,0,0,0,0,0,0,0.6000000238418579,0.0,0.0,0.0,0.0,0.0,0.0,0.0,0.0,0.0,0.0,0.6000000238418579,0.0,0.0,0.0,0.0,0.0,0.6197976469993591,-0.009568417444825172,0.0,-1.0754412584225346,-0.0022108523581072723,-0.029253860934684406,0.6581617478183261,0.20760485841888482,-0.0095684177476274,-0.006886990959344621,-0.010923996609932462,0.0,0.0,0.0,0.0,0.0,0.0,0.0,0.0,0.0,0.0,0.0,0.0,-0.08583437651395798,-0.025183768942952156,-0.010352441109716892
0.0,0.0,0.0,LoadPallet,False,autonomous,False,0.0,0.0,0.0,0.0,0.0,0.0,0.0,-1,N/A,0.0,0.0,N/A,-1,N/A,0.0,0.0,N/A,-1,N/A,0.0,0.0,N/A,-1,N/A,0.0,0.0,N/A,-1,N/A,0.0,0.0,N/A,slot0,full,-6.608479964440088,0.13366449356369628,europalette_0,0,0,0,0,0,0,0,0,0,0,0,0,0,0,0,0,0,0,0.6000000238418579,0.0,0.0,0.0,0.0,0.0,0.0,0.0,0.0,0.0,0.0,0.6000000238418579,0.0,0.0,0.0,0.0,0.0,0.6048837304115295,-0.009719392284750938,0.0,-1.070213808495848,-0.0021600585547114984,-0.0292037479070143,0.6637032737012589,0.20760097791626153,-0.009719392179243336,-0.007021023110304745,-0.010923679247851844,0.0,0.0,0.0,0.0,0.0,0.0,0.0,0.0,0.0,0.0,0.0,0.0,-0.08583437651395798,-0.025183768942952156,-0.010352441109716892
0.0,0.0,0.0,LoadPallet,False,autonomous,False,0.0,0.0,0.0,0.0,0.0,0.0,0.0,-1,N/A,0.0,0.0,N/A,-1,N/A,0.0,0.0,N/A,-1,N/A,0.0,0.0,N/A,-1,N/A,0.0,0.0,N/A,-1,N/A,0.0,0.0,N/A,slot0,full,-6.608479964440088,0.13366449356369628,europalette_0,0,0,0,0,0,0,0,0,0,0,0,0,0,0,0,0,0,0,0.6000000238418579,0.0,0.0,0.0,0.0,0.0,0.0,0.0,0.0,0.0,0.0,0.6000000238418579,0.0,0.0,0.0,0.0,0.0,0.5885992050170898,-0.009848427958786488,0.0,-1.0755201535118601,-0.0021533988488362382,-0.029264495944409608,0.6638892713070845,0.2076009667696878,-0.009848427717872532,-0.00647787630463183,-0.010923355246348678,0.0,0.0,0.0,0.0,0.0,0.0,0.0,0.0,0.0,0.0,0.0,0.0,-0.08583437651395798,-0.025183768942952156,-0.010352441109716892
0.0,0.0,0.0,LoadPallet,False,autonomous,False,0.0,0.0,0.0,0.0,0.0,0.0,0.0,-1,N/A,0.0,0.0,N/A,-1,N/A,0.0,0.0,N/A,-1,N/A,0.0,0.0,N/A,-1,N/A,0.0,0.0,N/A,-1,N/A,0.0,0.0,N/A,slot0,full,-6.608479964440088,0.13366449356369628,europalette_0,0,0,0,0,0,0,0,0,0,0,0,0,0,0,0,0,0,0,0.6000000238418579,0.0,0.0,0.0,0.0,0.0,0.0,0.0,0.0,0.0,0.0,0.6000000238418579,0.0,0.0,0.0,0.0,0.0,0.5727009773254395,-0.009972987696528435,0.0,-1.0641378663894665,-0.002149095543030541,-0.02913265561747791,0.6642092309298846,0.20760265112257784,-0.009972988057772803,-0.0060728706466118484,-0.010923024866288489,0.0,0.0,0.0,0.0,0.0,0.0,0.0,0.0,0.0,0.0,0.0,0.0,-0.08583437651395798,-0.025183768942952156,-0.010352441109716892
0.0,0.0,0.0,LoadPallet,False,autonomous,False,0.0,0.0,0.0,0.0,0.0,0.0,0.0,-1,N/A,0.0,0.0,N/A,-1,N/A,0.0,0.0,N/A,-1,N/A,0.0,0.0,N/A,-1,N/A,0.0,0.0,N/A,-1,N/A,0.0,0.0,N/A,slot0,full,-6.608479964440088,0.13366449356369628,europalette_0,0,0,0,0,0,0,0,0,0,0,0,0,0,0,0,0,0,0,0.6000000238418579,0.0,0.0,0.0,0.0,0.0,0.0,0.0,0.0,0.0,0.0,0.6000000238418579,0.0,0.0,0.0,0.0,0.0,0.5570110082626343,-0.010091206058859825,0.0,-1.0748405306262185,-0.002155498973488254,-0.029255017063660904,0.6636928135094422,0.20760333463231326,-0.010091206517405915,-0.005772782397723704,-0.010922700064923817,0.0,0.0,0.0,0.0,0.0,0.0,0.0,0.0,0.0,0.0,0.0,0.0,-0.08583437651395798,-0.025183768942952156,-0.010352441109716892
0.0,0.0,0.0,LoadPallet,False,autonomous,False,0.0,0.0,0.0,0.0,0.0,0.0,0.0,-1,N/A,0.0,0.0,N/A,-1,N/A,0.0,0.0,N/A,-1,N/A,0.0,0.0,N/A,-1,N/A,0.0,0.0,N/A,-1,N/A,0.0,0.0,N/A,slot0,full,-6.608479964440088,0.13366449356369628,europalette_0,0,0,0,0,0,0,0,0,0,0,0,0,0,0,0,0,0,0,0.6000000238418579,0.0,0.0,0.0,0.0,0.0,0.0,0.0,0.0,0.0,0.0,0.6000000238418579,0.0,0.0,0.0,0.0,0.0,0.6185129284858704,-0.01004288624972105,0.0,-1.0642732530056076,-0.0021510759027862023,-0.029121629145618944,0.6635556928882238,0.20761002386840882,-0.010042886353199165,0.0071791232483766,-0.010922405027290066,0.0,0.0,0.0,0.0,0.0,0.0,0.0,0.0,0.0,0.0,0.0,0.0,-0.08583437651395798,-0.025183768942952156,-0.010352441109716892
0.0,0.0,0.0,LoadPallet,False,autonomous,False,0.0,0.0,0.0,0.0,0.0,0.0,0.0,-1,N/A,0.0,0.0,N/A,-1,N/A,0.0,0.0,N/A,-1,N/A,0.0,0.0,N/A,-1,N/A,0.0,0.0,N/A,-1,N/A,0.0,0.0,N/A,slot0,full,-6.608479964440088,0.13366449356369628,europalette_0,0,0,0,0,0,0,0,0,0,0,0,0,0,0,0,0,0,0,0.6000000238418579,0.0,0.0,0.0,0.0,0.0,0.0,0.0,0.0,0.0,0.0,0.6000000238418579,0.0,0.0,0.0,0.0,0.0,0.6028394103050232,-0.009766054339706898,0.0,-1.0758371040317014,-0.002321185597015961,-0.029261333991560112,0.6508503140549635,0.20760454808865528,-0.009766054335769603,0.018836581568196346,-0.010922111651889565,0.0,0.0,0.0,0.0,0.0,0.0,0.0,0.0,0.0,0.0,0.0,0.0,-0.08583437651395798,-0.025183768942952156,-0.010352441109716892
0.0,0.0,0.0,LoadPallet,False,autonomous,False,0.0,0.0,0.0,0.0,0.0,0.0,0.0,-1,N/A,0.0,0.0,N/A,-1,N/A,0.0,0.0,N/A,-1,N/A,0.0,0.0,N/A,-1,N/A,0.0,0.0,N/A,-1,N/A,0.0,0.0,N/A,slot0,full,-6.608479964440088,0.13366449356369628,europalette_0,0,0,0,0,0,0,0,0,0,0,0,0,0,0,0,0,0,0,0.6000000238418579,0.0,0.0,0.0,0.0,0.0,0.0,0.0,0.0,0.0,0.0,0.6000000238418579,0.0,0.0,0.0,0.0,0.0,0.5868237614631653,-0.009554634802043438,0.0,-1.0641810111495031,-0.0021796965308937336,-0.029133150694860832,0.6627332110782334,0.20760580762041791,-0.009554634478400104,0.006243381445033101,-0.01092182982322998,0.0,0.0,0.0,0.0,0.0,0.0,0.0,0.0,0.0,0.0,0.0,0.0,-0.08583437651395798,-0.025183768942952156,-0.010352441109716892
0.0,0.0,0.0,LoadPallet,False,autonomous,False,0.0,0.0,0.0,0.0,0.0,0.0,0.0,-1,N/A,0.0,0.0,N/A,-1,N/A,0.0,0.0,N/A,-1,N/A,0.0,0.0,N/A,-1,N/A,0.0,0.0,N/A,-1,N/A,0.0,0.0,N/A,slot0,full,-6.608479964440088,0.13366449356369628,europalette_0,0,0,0,0,0,0,0,0,0,0,0,0,0,0,0,0,0,0,0.6000000238418579,0.0,0.0,0.0,0.0,0.0,0.0,0.0,0.0,0.0,0.0,0.6000000238418579,0.0,0.0,0.0,0.0,0.0,0.5711877942085266,-0.009506135247647762,0.0,-1.0751442290451205,-0.0022193463793398344,-0.029256961968313344,0.6588793501728958,0.20760770216505262,-0.009506135157267614,-0.0004167276582449893,-0.010921532484232202,0.0,0.0,0.0,0.0,0.0,0.0,0.0,0.0,0.0,0.0,0.0,0.0,-0.08583437651395798,-0.025183768942952156,-0.010352441109716892
0.0,0.0,0.0,LoadPallet,False,autonomous,False,0.0,0.0,0.0,0.0,0.0,0.0,0.0,-1,N/A,0.0,0.0,N/A,-1,N/A,0.0,0.0,N/A,-1,N/A,0.0,0.0,N/A,-1,N/A,0.0,0.0,N/A,-1,N/A,0.0,0.0,N/A,slot0,full,-6.608479964440088,0.13366449356369628,europalette_0,0,0,0,0,0,0,0,0,0,0,0,0,0,0,0,0,0,0,0.6000000238418579,0.0,0.0,0.0,0.0,0.0,0.0,0.0,0.0,0.0,0.0,0.6000000238418579,0.0,0.0,0.0,0.0,0.0,0.5555803775787354,-0.009578442201018333,0.0,-1.0640978338542881,-0.0021660934217008765,-0.02913208566213571,0.663867301999943,0.2076089900735209,-0.009578441974576357,-0.005763658013449961,-0.010921246435630994,0.0,0.0,0.0,0.0,0.0,0.0,0.0,0.0,0.0,0.0,0.0,0.0,-0.08583437651395798,-0.025183768942952156,-0.010352441109716892
0.0,0.0,0.0,LoadPallet,False,autonomous,False,0.0,0.0,0.0,0.0,0.0,0.0,0.0,-1,N/A,0.0,0.0,N/A,-1,N/A,0.0,0.0,N/A,-1,N/A,0.0,0.0,N/A,-1,N/A,0.0,0.0,N/A,-1,N/A,0.0,0.0,N/A,slot0,full,-6.608479964440088,0.13366449356369628,europalette_0,0,0,0,0,0,0,0,0,0,0,0,0,0,0,0,0,0,0,0.6000000238418579,0.0,0.0,0.0,0.0,0.0,0.0,0.0,0.0,0.0,0.0,0.6000000238418579,0.0,0.0,0.0,0.0,0.0,0.6168304085731506,-0.009726578369736671,0.0,-1.0753789346323126,-0.00214974024535472,-0.029254743914266135,0.6647431430201323,0.20761500659264598,-0.009726578120802465,-0.008211336522499583,-0.010920935025615723,0.0,0.0,0.0,0.0,0.0,0.0,0.0,0.0,0.0,0.0,0.0,0.0,-0.08583437651395798,-0.025183768942952156,-0.010352441109716892
0.0,0.0,0.0,LoadPallet,False,autonomous,False,0.0,0.0,0.0,0.0,0.0,0.0,0.0,-1,N/A,0.0,0.0,N/A,-1,N/A,0.0,0.0,N/A,-1,N/A,0.0,0.0,N/A,-1,N/A,0.0,0.0,N/A,-1,N/A,0.0,0.0,N/A,slot0,full,-6.608479964440088,0.13366449356369628,europalette_0,0,0,0,0,0,0,0,0,0,0,0,0,0,0,0,0,0,0,0.6000000238418579,0.0,0.0,0.0,0.0,0.0,0.0,0.0,0.0,0.0,0.0,0.6000000238418579,0.0,0.0,0.0,0.0,0.0,0.6013399362564087,-0.009879441931843758,0.0,-1.064223832429775,-0.002157438720907838,-0.029136277633619756,0.6642965541277306,0.20760951540228043,-0.009879441658985577,-0.007184995742571981,-0.01092061082548748,0.0,0.0,0.0,0.0,0.0,0.0,0.0,0.0,0.0,0.0,0.0,0.0,-0.08583437651395798,-0.025183768942952156,-0.010352441109716892
0.0,0.0,0.0,LoadPallet,False,autonomous,False,0.0,0.0,0.0,0.0,0.0,0.0,0.0,-1,N/A,0.0,0.0,N/A,-1,N/A,0.0,0.0,N/A,-1,N/A,0.0,0.0,N/A,-1,N/A,0.0,0.0,N/A,-1,N/A,0.0,0.0,N/A,slot0,full,-6.608479964440088,0.13366449356369628,europalette_0,0,0,0,0,0,0,0,0,0,0,0,0,0,0,0,0,0,0,0.6000000238418579,0.0,0.0,0.0,0.0,0.0,0.0,0.0,0.0,0.0,0.0,0.6000000238418579,0.0,0.0,0.0,0.0,0.0,0.5857109427452087,-0.010013760067522526,0.0,-1.0754585554116174,-0.002160111028084097,-0.029262934131067453,0.6640111431863147,0.207611698694708,-0.010013760360275903,-0.006379559511631564,-0.010920284160522965,0.0,0.0,0.0,0.0,0.0,0.0,0.0,0.0,0.0,0.0,0.0,0.0,-0.08583437651395798,-0.025183768942952156,-0.010352441109716892
0.0,0.0,0.0,LoadPallet,False,autonomous,False,0.0,0.0,0.0,0.0,0.0,0.0,0.0,-1,N/A,0.0,0.0,N/A,-1,N/A,0.0,0.0,N/A,-1,N/A,0.0,0.0,N/A,-1,N/A,0.0,0.0,N/A,-1,N/A,0.0,0.0,N/A,slot0,full,-6.608479964440088,0.13366449356369628,europalette_0,0,0,0,0,0,0,0,0,0,0,0,0,0,0,0,0,0,0,0.6000000238418579,0.0,0.0,0.0,0.0,0.0,0.0,0.0,0.0,0.0,0.0,0.6000000238418579,0.0,0.0,0.0,0.0,0.0,0.5699869990348816,-0.009908988140523434,0.0,-1.0697696003486414,-0.0022120811901410187,-0.029197148035942477,0.6590485375186006,0.2076134341427359,-0.009908988341753577,0.013551209092953643,-0.010919967145454759,0.0,0.0,0.0,0.0,0.0,0.0,0.0,0.0,0.0,0.0,0.0,0.0,-0.08583437651395798,-0.025183768942952156,-0.010352441109716892
0.0,0.0,0.0,LoadPallet,False,autonomous,False,0.0,0.0,0.0,0.0,0.0,0.0,0.0,-1,N/A,0.0,0.0,N/A,-1,N/A,0.0,0.0,N/A,-1,N/A,0.0,0.0,N/A,-1,N/A,0.0,0.0,N/A,-1,N/A,0.0,0.0,N/A,slot0,full,-6.608479964440088,0.13366449356369628,europalette_0,0,0,0,0,0,0,0,0,0,0,0,0,0,0,0,0,0,0,0.6000000238418579,0.0,0.0,0.0,0.0,0.0,0.0,0.0,0.0,0.0,0.0,0.6000000238418579,0.0,0.0,0.0,0.0,0.0,0.5541886687278748,-0.009770171716809273,0.0,-1.0805502976393777,-0.002262888829301646,-0.02931480392867003,0.6554926809060362,0.2076196923371103,-0.009770171663435079,0.0005129472454626924,-0.010919736679041017,0.0,0.0,0.0,0.0,0.0,0.0,0.0,0.0,0.0,0.0,0.0,0.0,-0.08583437651395798,-0.025183768942952156,-0.010352441109716892
0.0,0.0,0.0,LoadPallet,False,autonomous,False,0.0,0.0,0.0,0.0,0.0,0.0,0.0,-1,N/A,0.0,0.0,N/A,-1,N/A,0.0,0.0,N/A,-1,N/A,0.0,0.0,N/A,-1,N/A,0.0,0.0,N/A,-1,N/A,0.0,0.0,N/A,slot0,full,-6.608479964440088,0.13366449356369628,europalette_0,0,0,0,0,0,0,0,0,0,0,0,0,0,0,0,0,0,0,0.6000000238418579,0.0,0.0,0.0,0.0,0.0,0.0,0.0,0.0,0.0,0.0,0.6000000238418579,0.0,0.0,0.0,0.0,0.0,0.6153743863105774,-0.009856697171926498,0.0,-1.0703630268100408,-0.0021730791682973358,-0.029196369902284747,0.6638058829962574,0.2076139360507288,-0.00985669713813575,-0.006566852796884547,-0.010919454006632794,0.0,0.0,0.0,0.0,0.0,0.0,0.0,0.0,0.0,0.0,0.0,0.0,-0.08583437651395798,-0.025183768942952156,-0.010352441109716892
0.0,0.0,0.0,LoadPallet,False,autonomous,False,0.0,0.0,0.0,0.0,0.0,0.0,0.0,-1,N/A,0.0,0.0,N/A,-1,N/A,0.0,0.0,N/A,-1,N/A,0.0,0.0,N/A,-1,N/A,0.0,0.0,N/A,-1,N/A,0.0,0.0,N/A,slot0,full,-6.608479964440088,0.13366449356369628,europalette_0,0,0,0,0,0,0,0,0,0,0,0,0,0,0,0,0,0,0,0.6000000238418579,0.0,0.0,0.0,0.0,0.0,0.0,0.0,0.0,0.0,0.0,0.6000000238418579,0.0,0.0,0.0,0.0,0.0,0.5999528169631958,-0.009994189254939556,0.0,-1.0817124940369718,-0.0021612324050680823,-0.029326061695553518,0.6641304411665203,0.2076161433116877,-0.009994188883355015,-0.006747645706130001,-0.010919132429312447,0.0,0.0,0.0,0.0,0.0,0.0,0.0,0.0,0.0,0.0,0.0,0.0,-0.08583437651395798,-0.025183768942952156,-0.010352441109716892
0.0,0.0,0.0,LoadPallet,False,autonomous,False,0.0,0.0,0.0,0.0,0.0,0.0,0.0,-1,N/A,0.0,0.0,N/A,-1,N/A,0.0,0.0,N/A,-1,N/A,0.0,0.0,N/A,-1,N/A,0.0,0.0,N/A,-1,N/A,0.0,0.0,N/A,slot0,full,-6.608479964440088,0.13366449356369628,europalette_0,0,0,0,0,0,0,0,0,0,0,0,0,0,0,0,0,0,0,0.6000000238418579,0.0,0.0,0.0,0.0,0.0,0.0,0.0,0.0,0.0,0.0,0.6000000238418579,0.0,0.0,0.0,0.0,0.0,0.5841341614723206,-0.010127670131623745,0.0,-1.0641722493879993,-0.002160562730361977,-0.029133858871312535,0.6642657175968338,0.20761621735215985,-0.010127670286622426,-0.006490540294571125,-0.010918809646025972,0.0,0.0,0.0,0.0,0.0,0.0,0.0,0.0,0.0,0.0,0.0,0.0,-0.08583437651395798,-0.025183768942952156,-0.010352441109716892
0.0,0.0,0.0,LoadPallet,False,autonomous,False,0.0,0.0,0.0,0.0,0.0,0.0,0.0,-1,N/A,0.0,0.0,N/A,-1,N/A,0.0,0.0,N/A,-1,N/A,0.0,0.0,N/A,-1,N/A,0.0,0.0,N/A,-1,N/A,0.0,0.0,N/A,slot0,full,-6.608479964440088,0.13366449356369628,europalette_0,0,0,0,0,0,0,0,0,0,0,0,0,0,0,0,0,0,0,0.6000000238418579,0.0,0.0,0.0,0.0,0.0,0.0,0.0,0.0,0.0,0.0,0.6000000238418579,0.0,0.0,0.0,0.0,0.0,0.568394124507904,-0.010020049288868904,0.0,-1.0750834280595027,-0.0022730901698384404,-0.029257117071904926,0.655945111643689,0.20761798597147527,-0.010020049712603729,0.01420286025263573,-0.010918481353332092,0.0,0.0,0.0,0.0,0.0,0.0,0.0,0.0,0.0,0.0,0.0,0.0,-0.08583437651395798,-0.025183768942952156,-0.010352441109716892
0.0,0.0,0.0,LoadPallet,False,autonomous,False,0.0,0.0,0.0,0.0,0.0,0.0,0.0,-1,N/A,0.0,0.0,N/A,-1,N/A,0.0,0.0,N/A,-1,N/A,0.0,0.0,N/A,-1,N/A,0.0,0.0,N/A,-1,N/A,0.0,0.0,N/A,slot0,full,-6.608479964440088,0.13366449356369628,europalette_0,0,0,0,0,0,0,0,0,0,0,0,0,0,0,0,0,0,0,0.6000000238418579,0.0,0.0,0.0,0.0,0.0,0.0,0.0,0.0,0.0,0.0,0.6000000238418579,0.0,0.0,0.0,0.0,0.0,0.552893340587616,-0.00958961807191372,0.0,-1.064089505179572,-0.0021797942085356597,-0.029132099763773178,0.6623354035229738,0.20761859774413163,-0.00958961802905911,0.026391613303393364,-0.010918202996792662,0.0,0.0,0.0,0.0,0.0,0.0,0.0,0.0,0.0,0.0,0.0,0.0,-0.08583437651395798,-0.025183768942952156,-0.010352441109716892
0.0,0.0,0.0,LoadPallet,False,autonomous,False,0.0,0.0,0.0,0.0,0.0,0.0,0.0,-1,N/A,0.0,0.0,N/A,-1,N/A,0.0,0.0,N/A,-1,N/A,0.0,0.0,N/A,-1,N/A,0.0,0.0,N/A,-1,N/A,0.0,0.0,N/A,slot0,full,-6.608479964440088,0.13366449356369628,europalette_0,0,0,0,0,0,0,0,0,0,0,0,0,0,0,0,0,0,0,0.6000000238418579,0.0,0.0,0.0,0.0,0.0,0.0,0.0,0.0,0.0,0.0,0.6000000238418579,0.0,0.0,0.0,0.0,0.0,0.6141819953918457,-0.009374018758535385,0.0,-1.0753186258919638,-0.002276747513202601,-0.029252928338189432,0.6544888832863762,0.20762584483194457,-0.00937401876550581,0.0005841565242343896,-0.010917996314537085,0.0,0.0,0.0,0.0,0.0,0.0,0.0,0.0,0.0,0.0,0.0,0.0,-0.08583437651395798,-0.025183768942952156,-0.010352441109716892
0.0,0.0,0.0,LoadPallet,False,autonomous,False,0.0,0.0,0.0,0.0,0.0,0.0,0.0,-1,N/A,0.0,0.0,N/A,-1,N/A,0.0,0.0,N/A,-1,N/A,0.0,0.0,N/A,-1,N/A,0.0,0.0,N/A,-1,N/A,0.0,0.0,N/A,slot0,full,-6.608479964440088,0.13366449356369628,europalette_0,0,0,0,0,0,0,0,0,0,0,0,0,0,0,0,0,0,0,0.6000000238418579,0.0,0.0,0.0,0.0,0.0,0.0,0.0,0.0,0.0,0.0,0.6000000238418579,0.0,0.0,0.0,0.0,0.0,0.5985713005065918,-0.009463782422244549,0.0,-1.0701408082330102,-0.0021809906150327477,-0.029203056905579228,0.6640727438818885,0.2076212670798145,-0.009463782349740768,-0.007479991240320053,-0.010917732046253828,0.0,0.0,0.0,0.0,0.0,0.0,0.0,0.0,0.0,0.0,0.0,0.0,-0.08583437651395798,-0.025183768942952156,-0.010352441109716892
0.0,0.0,0.0,LoadPallet,False,autonomous,False,0.0,0.0,0.0,0.0,0.0,0.0,0.0,-1,N/A,0.0,0.0,N/A,-1,N/A,0.0,0.0,N/A,-1,N/A,0.0,0.0,N/A,-1,N/A,0.0,0.0,N/A,-1,N/A,0.0,0.0,N/A,slot0,full,-6.608479964440088,0.13366449356369628,europalette_0,0,0,0,0,0,0,0,0,0,0,0,0,0,0,0,0,0,0,0.6000000238418579,0.0,0.0,0.0,0.0,0.0,0.0,0.0,0.0,0.0,0.0,0.6000000238418579,0.0,0.0,0.0,0.0,0.0,0.5825839042663574,-0.009622213430702686,0.0,-1.0811652294991236,-0.0021567862338747606,-0.029329063373520425,0.6652745600433434,0.20762176339425853,-0.00962221325734447,-0.007747048225752322,-0.010917416156695735,0.0,0.0,0.0,0.0,0.0,0.0,0.0,0.0,0.0,0.0,0.0,0.0,-0.08583437651395798,-0.025183768942952156,-0.010352441109716892
0.0,0.0,0.0,LoadPallet,False,autonomous,False,0.0,0.0,0.0,0.0,0.0,0.0,0.0,-1,N/A,0.0,0.0,N/A,-1,N/A,0.0,0.0,N/A,-1,N/A,0.0,0.0,N/A,-1,N/A,0.0,0.0,N/A,-1,N/A,0.0,0.0,N/A,slot0,full,-6.608479964440088,0.13366449356369628,europalette_0,0,0,0,0,0,0,0,0,0,0,0,0,0,0,0,0,0,0,0.6000000238418579,0.0,0.0,0.0,0.0,0.0,0.0,0.0,0.0,0.0,0.0,0.6000000238418579,0.0,0.0,0.0,0.0,0.0,0.5669001936912537,-0.009769321419298649,0.0,-1.0697323721009497,-0.002166474631617274,-0.029196378647856458,0.6644747016877943,0.20762278849668805,-0.009769321300051814,-0.006958955317139096,-0.010917087377801553,0.0,0.0,0.0,0.0,0.0,0.0,0.0,0.0,0.0,0.0,0.0,0.0,-0.08583437651395798,-0.025183768942952156,-0.010352441109716892
0.0,0.0,0.0,LoadPallet,False,autonomous,False,0.0,0.0,0.0,0.0,0.0,0.0,0.0,-1,N/A,0.0,0.0,N/A,-1,N/A,0.0,0.0,N/A,-1,N/A,0.0,0.0,N/A,-1,N/A,0.0,0.0,N/A,-1,N/A,0.0,0.0,N/A,slot0,full,-6.608479964440088,0.13366449356369628,europalette_0,0,0,0,0,0,0,0,0,0,0,0,0,0,0,0,0,0,0,0.6000000238418579,0.0,0.0,0.0,0.0,0.0,0.0,0.0,0.0,0.0,0.0,0.6000000238418579,0.0,0.0,0.0,0.0,0.0,0.5514270663261414,-0.009901896119117737,0.0,-1.0804597282697,-0.002167494720939793,-0.02931165610933273,0.6644550122305475,0.20763083103304836,-0.009901895825167983,-0.006203415865007758,-0.010916757444519865,0.0,0.0,0.0,0.0,0.0,0.0,0.0,0.0,0.0,0.0,0.0,0.0,-0.08583437651395798,-0.025183768942952156,-0.010352441109716892
0.0,0.0,0.0,LoadPallet,False,autonomous,False,0.0,0.0,0.0,0.0,0.0,0.0,0.0,-1,N/A,0.0,0.0,N/A,-1,N/A,0.0,0.0,N/A,-1,N/A,0.0,0.0,N/A,-1,N/A,0.0,0.0,N/A,-1,N/A,0.0,0.0,N/A,slot0,full,-6.608479964440088,0.13366449356369628,europalette_0,0,0,0,0,0,0,0,0,0,0,0,0,0,0,0,0,0,0,0.6000000238418579,0.0,0.0,0.0,0.0,0.0,0.0,0.0,0.0,0.0,0.0,0.6000000238418579,0.0,0.0,0.0,0.0,0.0,0.6127886772155762,-0.010048633441329002,0.0,-1.0642562000914841,-0.0021692710371564797,-0.029120911149744133,0.6643558124438869,0.207631090163314,-0.010048633696357001,-0.008287140149088778,-0.010916449392414738,0.0,0.0,0.0,0.0,0.0,0.0,0.0,0.0,0.0,0.0,0.0,0.0,-0.08583437651395798,-0.025183768942952156,-0.010352441109716892
0.0,0.0,0.0,LoadPallet,False,autonomous,False,0.0,0.0,0.0,0.0,0.0,0.0,0.0,-1,N/A,0.0,0.0,N/A,-1,N/A,0.0,0.0,N/A,-1,N/A,0.0,0.0,N/A,-1,N/A,0.0,0.0,N/A,-1,N/A,0.0,0.0,N/A,slot0,full,-6.608479964440088,0.13366449356369628,europalette_0,0,0,0,0,0,0,0,0,0,0,0,0,0,0,0,0,0,0,0.6000000238418579,0.0,0.0,0.0,0.0,0.0,0.0,0.0,0.0,0.0,0.0,0.6000000238418579,0.0,0.0,0.0,0.0,0.0,0.5970609784126282,-0.00996671337634325,0.0,-1.0757133580380476,-0.002270978324290414,-0.029259897693655612,0.6567461502220624,0.2076250762682444,-0.009966713793695625,0.012690853431005318,-0.010916132532297935,0.0,0.0,0.0,0.0,0.0,0.0,0.0,0.0,0.0,0.0,0.0,0.0,-0.08583437651395798,-0.025183768942952156,-0.010352441109716892
0.0,0.0,0.0,LoadPallet,False,autonomous,False,0.0,0.0,0.0,0.0,0.0,0.0,0.0,-1,N/A,0.0,0.0,N/A,-1,N/A,0.0,0.0,N/A,-1,N/A,0.0,0.0,N/A,-1,N/A,0.0,0.0,N/A,-1,N/A,0.0,0.0,N/A,slot0,full,-6.608479964440088,0.13366449356369628,europalette_0,0,0,0,0,0,0,0,0,0,0,0,0,0,0,0,0,0,0,0.6000000238418579,0.0,0.0,0.0,0.0,0.0,0.0,0.0,0.0,0.0,0.0,0.6000000238418579,0.0,0.0,0.0,0.0,0.0,0.5816050171852112,-0.00983993150293827,0.0,-1.0641640080970367,-0.002187275921810679,-0.02913347046510356,0.6634597151073649,0.20762725654468922,-0.009839931872766883,0.0012472312114855588,-0.010915863037930712,0.0,0.0,0.0,0.0,0.0,0.0,0.0,0.0,0.0,0.0,0.0,0.0,-0.08583437651395798,-0.025183768942952156,-0.010352441109716892
0.0,0.0,0.0,LoadPallet,False,autonomous,False,0.0,0.0,0.0,0.0,0.0,0.0,0.0,-1,N/A,0.0,0.0,N/A,-1,N/A,0.0,0.0,N/A,-1,N/A,0.0,0.0,N/A,-1,N/A,0.0,0.0,N/A,-1,N/A,0.0,0.0,N/A,slot0,full,-6.608479964440088,0.13366449356369628,europalette_0,0,0,0,0,0,0,0,0,0,0,0,0,0,0,0,0,0,0,0.6000000238418579,0.0,0.0,0.0,0.0,0.0,0.0,0.0,0.0,0.0,0.0,0.6000000238418579,0.0,0.0,0.0,0.0,0.0,0.5655250549316406,-0.009891191497445107,0.0,-1.075021314657783,-0.0021996175192930748,-0.029256810597684257,0.6619977364549356,0.20762833690177643,-0.00989119120253612,-0.00477740269656601,-0.010915579749881027,0.0,0.0,0.0,0.0,0.0,0.0,0.0,0.0,0.0,0.0,0.0,0.0,-0.08583437651395798,-0.025183768942952156,-0.010352441109716892
0.0,0.0,0.0,LoadPallet,False,autonomous,False,0.0,0.0,0.0,0.0,0.0,0.0,0.0,-1,N/A,0.0,0.0,N/A,-1,N/A,0.0,0.0,N/A,-1,N/A,0.0,0.0,N/A,-1,N/A,0.0,0.0,N/A,-1,N/A,0.0,0.0,N/A,slot0,full,-6.608479964440088,0.13366449356369628,europalette_0,0,0,0,0,0,0,0,0,0,0,0,0,0,0,0,0,0,0,0.6000000238418579,0.0,0.0,0.0,0.0,0.0,0.0,0.0,0.0,0.0,0.0,0.6000000238418579,0.0,0.0,0.0,0.0,0.0,0.5500018000602722,-0.010001569986343384,0.0,-1.0640809781702787,-0.002177114736810315,-0.02913315819089496,0.6641869788234942,0.20762871289002127,-0.010001569924240172,-0.005876232840939204,-0.010915272177272678,0.0,0.0,0.0,0.0,0.0,0.0,0.0,0.0,0.0,0.0,0.0,0.0,-0.08583437651395798,-0.025183768942952156,-0.010352441109716892
0.0,0.0,0.0,LoadPallet,False,autonomous,False,0.0,0.0,0.0,0.0,0.0,0.0,0.0,-1,N/A,0.0,0.0,N/A,-1,N/A,0.0,0.0,N/A,-1,N/A,0.0,0.0,N/A,-1,N/A,0.0,0.0,N/A,-1,N/A,0.0,0.0,N/A,slot0,full,-6.608479964440088,0.13366449356369628,europalette_0,0,0,0,0,0,0,0,0,0,0,0,0,0,0,0,0,0,0,0.6000000238418579,0.0,0.0,0.0,0.0,0.0,0.0,0.0,0.0,0.0,0.0,0.6000000238418579,0.0,0.0,0.0,0.0,0.0,0.6112447381019592,-0.009922521188855171,0.0,-1.0813149973319685,-0.002323936843876634,-0.029328254362707862,0.6527150007427736,0.20763050851776715,-0.009922520801251444,0.012550601390408209,-0.010914958921934795,0.0,0.0,0.0,0.0,0.0,0.0,0.0,0.0,0.0,0.0,0.0,0.0,-0.08583437651395798,-0.025183768942952156,-0.010352441109716892
0.0,0.0,0.0,LoadPallet,False,autonomous,False,0.0,0.0,0.0,0.0,0.0,0.0,0.0,-1,N/A,0.0,0.0,N/A,-1,N/A,0.0,0.0,N/A,-1,N/A,0.0,0.0,N/A,-1,N/A,0.0,0.0,N/A,-1,N/A,0.0,0.0,N/A,slot0,full,-6.608479964440088,0.13366449356369628,europalette_0,0,0,0,0,0,0,0,0,0,0,0,0,0,0,0,0,0,0,0.6000000238418579,0.0,0.0,0.0,0.0,0.0,0.0,0.0,0.0,0.0,0.0,0.6000000238418579,0.0,0.0,0.0,0.0,0.0,0.5959061980247498,-0.009792623110115528,0.0,-1.070105037351861,-0.00220998484547915,-0.02920236933976872,0.6620263527051122,0.20763214559062812,-0.00979262328346131,0.0017723947082290224,-0.010914694240950925,0.0,0.0,0.0,0.0,0.0,0.0,0.0,0.0,0.0,0.0,0.0,0.0,-0.08583437651395798,-0.025183768942952156,-0.010352441109716892
0.0,0.0,0.0,LoadPallet,False,autonomous,False,0.0,0.0,0.0,0.0,0.0,0.0,0.0,-1,N/A,0.0,0.0,N/A,-1,N/A,0.0,0.0,N/A,-1,N/A,0.0,0.0,N/A,-1,N/A,0.0,0.0,N/A,-1,N/A,0.0,0.0,N/A,slot0,full,-6.608479964440088,0.13366449356369628,europalette_0,0,0,0,0,0,0,0,0,0,0,0,0,0,0,0,0,0,0,0.6000000238418579,0.0,0.0,0.0,0.0,0.0,0.0,0.0,0.0,0.0,0.0,0.6000000238418579,0.0,0.0,0.0,0.0,0.0,0.5799505710601807,-0.00984006654471159,0.0,-1.0810772728334483,-0.0022093877720134394,-0.029327566931260707,0.6614611539150417,0.20763279645035004,-0.00984006691170869,-0.004507229973839729,-0.010914409854472847,0.0,0.0,0.0,0.0,0.0,0.0,0.0,0.0,0.0,0.0,0.0,0.0,-0.08583437651395798,-0.025183768942952156,-0.010352441109716892
0.0,0.0,0.0,LoadPallet,False,autonomous,False,0.0,0.0,0.0,0.0,0.0,0.0,0.0,-1,N/A,0.0,0.0,N/A,-1,N/A,0.0,0.0,N/A,-1,N/A,0.0,0.0,N/A,-1,N/A,0.0,0.0,N/A,-1,N/A,0.0,0.0,N/A,slot0,full,-6.608479964440088,0.13366449356369628,europalette_0,0,0,0,0,0,0,0,0,0,0,0,0,0,0,0,0,0,0,0.6000000238418579,0.0,0.0,0.0,0.0,0.0,0.0,0.0,0.0,0.0,0.0,0.6000000238418579,0.0,0.0,0.0,0.0,0.0,0.5643647313117981,-0.009950092062354088,0.0,-1.0696964808762064,-0.0021830928951996273,-0.02919698590695341,0.6640523117459907,0.20763381719410312,-0.009950092183686365,-0.005836322108433257,-0.010914104126602549,0.0,0.0,0.0,0.0,0.0,0.0,0.0,0.0,0.0,0.0,0.0,0.0,-0.08583437651395798,-0.025183768942952156,-0.010352441109716892
0.0,0.0,0.0,LoadPallet,False,autonomous,False,0.0,0.0,0.0,0.0,0.0,0.0,0.0,-1,N/A,0.0,0.0,N/A,-1,N/A,0.0,0.0,N/A,-1,N/A,0.0,0.0,N/A,-1,N/A,0.0,0.0,N/A,-1,N/A,0.0,0.0,N/A,slot0,full,-6.608479964440088,0.13366449356369628,europalette_0,0,0,0,0,0,0,0,0,0,0,0,0,0,0,0,0,0,0,0.6000000238418579,0.0,0.0,0.0,0.0,0.0,0.0,0.0,0.0,0.0,0.0,0.6000000238418579,0.0,0.0,0.0,0.0,0.0,0.5486794710159302,-0.010067243129014969,0.0,-1.0803717432440005,-0.002213109618870158,-0.02931311938291914,0.6614424786919244,0.20764035206933965,-0.010067243051498309,-0.005812427093110107,-0.01091378854092705,0.0,0.0,0.0,0.0,0.0,0.0,0.0,0.0,0.0,0.0,0.0,0.0,-0.08583437651395798,-0.025183768942952156,-0.010352441109716892
0.0,0.0,0.0,LoadPallet,False,autonomous,False,0.0,0.0,0.0,0.0,0.0,0.0,0.0,-1,N/A,0.0,0.0,N/A,-1,N/A,0.0,0.0,N/A,-1,N/A,0.0,0.0,N/A,-1,N/A,0.0,0.0,N/A,-1,N/A,0.0,0.0,N/A,slot0,full,-6.608479964440088,0.13366449356369628,europalette_0,0,0,0,0,0,0,0,0,0,0,0,0,0,0,0,0,0,0,0.6000000238418579,0.0,0.0,0.0,0.0,0.0,0.0,0.0,0.0,0.0,0.0,0.6000000238418579,0.0,0.0,0.0,0.0,0.0,0.6098612546920776,-0.00998207088559866,0.0,-1.0642478729650882,-0.0021776416584854755,-0.029120365930988434,0.6635734228331671,0.20764066909785955,-0.009982070991227054,0.013004496603971613,-0.010913474291094929,0.0,0.0,0.0,0.0,0.0,0.0,0.0,0.0,0.0,0.0,0.0,0.0,-0.08583437651395798,-0.025183768942952156,-0.010352441109716892
0.0,0.0,0.0,LoadPallet,False,autonomous,False,0.0,0.0,0.0,0.0,0.0,0.0,0.0,-1,N/A,0.0,0.0,N/A,-1,N/A,0.0,0.0,N/A,-1,N/A,0.0,0.0,N/A,-1,N/A,0.0,0.0,N/A,-1,N/A,0.0,0.0,N/A,slot0,full,-6.608479964440088,0.13366449356369628,europalette_0,0,0,0,0,0,0,0,0,0,0,0,0,0,0,0,0,0,0,0.6000000238418579,0.0,0.0,0.0,0.0,0.0,0.0,0.0,0.0,0.0,0.0,0.6000000238418579,0.0,0.0,0.0,0.0,0.0,0.5942807197570801,-0.009825280867516994,0.0,-1.0756522075653954,-0.0022831384679886275,-0.029257374166804295,0.6556396871309573,0.20763606138068072,-0.009825281093679195,0.0030330167005160735,-0.010913189346002645,0.0,0.0,0.0,0.0,0.0,0.0,0.0,0.0,0.0,0.0,0.0,0.0,-0.08583437651395798,-0.025183768942952156,-0.010352441109716892
0.0,0.0,0.0,LoadPallet,False,autonomous,False,0.0,0.0,0.0,0.0,0.0,0.0,0.0,-1,N/A,0.0,0.0,N/A,-1,N/A,0.0,0.0,N/A,-1,N/A,0.0,0.0,N/A,-1,N/A,0.0,0.0,N/A,-1,N/A,0.0,0.0,N/A,slot0,full,-6.608479964440088,0.13366449356369628,europalette_0,0,0,0,0,0,0,0,0,0,0,0,0,0,0,0,0,0,0,0.6000000238418579,0.0,0.0,0.0,0.0,0.0,0.0,0.0,0.0,0.0,0.0,0.6000000238418579,0.0,0.0,0.0,0.0,0.0,0.5785669684410095,-0.009848280809819698,0.0,-1.0641555276099228,-0.0021955734572624147,-0.029133034518902756,0.6637789183103564,0.20763761083080748,-0.00984828115972558,-0.003729721530206192,-0.01091290493331582,0.0,0.0,0.0,0.0,0.0,0.0,0.0,0.0,0.0,0.0,0.0,0.0,-0.08583437651395798,-0.025183768942952156,-0.010352441109716892
0.0,0.0,0.0,LoadPallet,False,autonomous,False,0.0,0.0,0.0,0.0,0.0,0.0,0.0,-1,N/A,0.0,0.0,N/A,-1,N/A,0.0,0.0,N/A,-1,N/A,0.0,0.0,N/A,-1,N/A,0.0,0.0,N/A,-1,N/A,0.0,0.0,N/A,slot0,full,-6.608479964440088,0.13366449356369628,europalette_0,0,0,0,0,0,0,0,0,0,0,0,0,0,0,0,0,0,0,0.6000000238418579,0.0,0.0,0.0,0.0,0.0,0.0,0.0,0.0,0.0,0.0,0.6000000238418579,0.0,0.0,0.0,0.0,0.0,0.5629012584686279,-0.009948298335075378,0.0,-1.0749600337008545,-0.002192528813375779,-0.0292557244904878,0.6634498613989592,0.20763882216630786,-0.009948298617605822,-0.0055674417813290035,-0.010912596085797194,0.0,0.0,0.0,0.0,0.0,0.0,0.0,0.0,0.0,0.0,0.0,0.0,-0.08583437651395798,-0.025183768942952156,-0.010352441109716892
0.0,0.0,0.0,LoadPallet,False,autonomous,False,0.0,0.0,0.0,0.0,0.0,0.0,0.0,-1,N/A,0.0,0.0,N/A,-1,N/A,0.0,0.0,N/A,-1,N/A,0.0,0.0,N/A,-1,N/A,0.0,0.0,N/A,-1,N/A,0.0,0.0,N/A,slot0,full,-6.608479964440088,0.13366449356369628,europalette_0,0,0,0,0,0,0,0,0,0,0,0,0,0,0,0,0,0,0,0.6000000238418579,0.0,0.0,0.0,0.0,0.0,0.0,0.0,0.0,0.0,0.0,0.6000000238418579,0.0,0.0,0.0,0.0,0.0,0.5472870469093323,-0.010062886402010918,0.0,-1.0640725463249958,-0.002183554788742787,-0.02913271433675485,0.6642844714617695,0.20763969719220515,-0.010062886241716917,-0.005713302662566053,-0.010912283649702856,0.0,0.0,0.0,0.0,0.0,0.0,0.0,0.0,0.0,0.0,0.0,0.0,-0.08583437651395798,-0.025183768942952156,-0.010352441109716892
0.0,0.0,0.0,LoadPallet,False,autonomous,False,0.0,0.0,0.0,0.0,0.0,0.0,0.0,-1,N/A,0.0,0.0,N/A,-1,N/A,0.0,0.0,N/A,-1,N/A,0.0,0.0,N/A,-1,N/A,0.0,0.0,N/A,-1,N/A,0.0,0.0,N/A,slot0,full,-6.608479964440088,0.13366449356369628,europalette_0,0,0,0,0,0,0,0,0,0,0,0,0,0,0,0,0,0,0,0.6000000238418579,0.0,0.0,0.0,0.0,0.0,0.0,0.0,0.0,0.0,0.0,0.6000000238418579,0.0,0.0,0.0,0.0,0.0,0.6086055040359497,-0.009968024678528309,0.0,-1.0751968989858938,-0.002284562478184912,-0.029253089955140088,0.6567007257293085,0.2076460895705567,-0.009968024432648548,0.011741053942456874,-0.010911958887288239,0.0,0.0,0.0,0.0,0.0,0.0,0.0,0.0,0.0,0.0,0.0,0.0,-0.08583437651395798,-0.025183768942952156,-0.010352441109716892
0.0,0.0,0.0,LoadPallet,False,autonomous,False,0.0,0.0,0.0,0.0,0.0,0.0,0.0,-1,N/A,0.0,0.0,N/A,-1,N/A,0.0,0.0,N/A,-1,N/A,0.0,0.0,N/A,-1,N/A,0.0,0.0,N/A,-1,N/A,0.0,0.0,N/A,slot0,full,-6.608479964440088,0.13366449356369628,europalette_0,0,0,0,0,0,0,0,0,0,0,0,0,0,0,0,0,0,0,0.6000000238418579,0.0,0.0,0.0,0.0,0.0,0.0,0.0,0.0,0.0,0.0,0.6000000238418579,0.0,0.0,0.0,0.0,0.0,0.5930972099304199,-0.009857337921857834,0.0,-1.070069167878648,-0.0022187198966463657,-0.029201890668574926,0.6620484257986448,0.20764268173000722,-0.009857337938849575,0.0008330150864210195,-0.010911692568831058,0.0,0.0,0.0,0.0,0.0,0.0,0.0,0.0,0.0,0.0,0.0,0.0,-0.08583437651395798,-0.025183768942952156,-0.010352441109716892
0.0,0.0,0.0,LoadPallet,False,autonomous,False,0.0,0.0,0.0,0.0,0.0,0.0,0.0,-1,N/A,0.0,0.0,N/A,-1,N/A,0.0,0.0,N/A,-1,N/A,0.0,0.0,N/A,-1,N/A,0.0,0.0,N/A,-1,N/A,0.0,0.0,N/A,slot0,full,-6.608479964440088,0.13366449356369628,europalette_0,0,0,0,0,0,0,0,0,0,0,0,0,0,0,0,0,0,0,0.6000000238418579,0.0,0.0,0.0,0.0,0.0,0.0,0.0,0.0,0.0,0.0,0.6000000238418579,0.0,0.0,0.0,0.0,0.0,0.5771207809448242,-0.009899789467453957,0.0,-1.0809890891319434,-0.002224221762286406,-0.029326458468230787,0.6610894831889027,0.20764329824022693,-0.009899789801906422,-0.003931493044945311,-0.010911390875270677,0.0,0.0,0.0,0.0,0.0,0.0,0.0,0.0,0.0,0.0,0.0,0.0,-0.08583437651395798,-0.025183768942952156,-0.010352441109716892
0.0,0.0,0.0,LoadPallet,False,autonomous,False,0.0,0.0,0.0,0.0,0.0,0.0,0.0,-1,N/A,0.0,0.0,N/A,-1,N/A,0.0,0.0,N/A,-1,N/A,0.0,0.0,N/A,-1,N/A,0.0,0.0,N/A,-1,N/A,0.0,0.0,N/A,slot0,full,-6.608479964440088,0.13366449356369628,europalette_0,0,0,0,0,0,0,0,0,0,0,0,0,0,0,0,0,0,0,0.6000000238418579,0.0,0.0,0.0,0.0,0.0,0.0,0.0,0.0,0.0,0.0,0.6000000238418579,0.0,0.0,0.0,0.0,0.0,0.5616476535797119,-0.009995651431381702,0.0,-1.0696606188925695,-0.002193451561676947,-0.029195155111658877,0.6639908114865989,0.20764445762733377,-0.009995651092820523,-0.0053008598837756,-0.010911071523141363,0.0,0.0,0.0,0.0,0.0,0.0,0.0,0.0,0.0,0.0,0.0,0.0,-0.08583437651395798,-0.025183768942952156,-0.010352441109716892
0.0,0.0,0.0,LoadPallet,False,autonomous,False,0.0,0.0,0.0,0.0,0.0,0.0,0.0,-1,N/A,0.0,0.0,N/A,-1,N/A,0.0,0.0,N/A,-1,N/A,0.0,0.0,N/A,-1,N/A,0.0,0.0,N/A,-1,N/A,0.0,0.0,N/A,slot0,full,-6.608479964440088,0.13366449356369628,europalette_0,0,0,0,0,0,0,0,0,0,0,0,0,0,0,0,0,0,0,0.6000000238418579,0.0,0.0,0.0,0.0,0.0,0.0,0.0,0.0,0.0,0.0,0.6000000238418579,0.0,0.0,0.0,0.0,0.0,0.5458593368530273,-0.010107272304594517,0.0,-1.080283675899223,-0.002225201448990303,-0.029311027590627897,0.6612006628200788,0.20765073502405032,-0.010107272496982844,-0.0056609489324660625,-0.010910757640394765,0.0,0.0,0.0,0.0,0.0,0.0,0.0,0.0,0.0,0.0,0.0,0.0,-0.08583437651395798,-0.025183768942952156,-0.010352441109716892
0.0,0.0,0.0,LoadPallet,False,autonomous,False,0.0,0.0,0.0,0.0,0.0,0.0,0.0,-1,N/A,0.0,0.0,N/A,-1,N/A,0.0,0.0,N/A,-1,N/A,0.0,0.0,N/A,-1,N/A,0.0,0.0,N/A,-1,N/A,0.0,0.0,N/A,slot0,full,-6.608479964440088,0.13366449356369628,europalette_0,0,0,0,0,0,0,0,0,0,0,0,0,0,0,0,0,0,0,0.6000000238418579,0.0,0.0,0.0,0.0,0.0,0.0,0.0,0.0,0.0,0.0,0.6000000238418579,0.0,0.0,0.0,0.0,0.0,0.6071146130561829,-0.010016565211117268,0.0,-1.0702559107981693,-0.0022741716182899593,-0.02919517500850216,0.6565779247324599,0.20764523125088183,-0.0100165652800559,0.010772174890352459,-0.01091044623129619,0.0,0.0,0.0,0.0,0.0,0.0,0.0,0.0,0.0,0.0,0.0,0.0,-0.08583437651395798,-0.025183768942952156,-0.010352441109716892
0.0,0.0,0.0,LoadPallet,False,autonomous,False,0.0,0.0,0.0,0.0,0.0,0.0,0.0,-1,N/A,0.0,0.0,N/A,-1,N/A,0.0,0.0,N/A,-1,N/A,0.0,0.0,N/A,-1,N/A,0.0,0.0,N/A,-1,N/A,0.0,0.0,N/A,slot0,full,-6.608479964440088,0.13366449356369628,europalette_0,0,0,0,0,0,0,0,0,0,0,0,0,0,0,0,0,0,0,0.6000000238418579,0.0,0.0,0.0,0.0,0.0,0.0,0.0,0.0,0.0,0.0,0.6000000238418579,0.0,0.0,0.0,0.0,0.0,0.5917865037918091,-0.00961849931627512,0.0,-1.081450657926152,-0.002499031946820475,-0.0293224354335872,0.6395459123969545,0.20764800069021977,-0.009618499228454702,0.027170807524765833,-0.010910158053012108,0.0,0.0,0.0,0.0,0.0,0.0,0.0,0.0,0.0,0.0,0.0,0.0,-0.08583437651395798,-0.025183768942952156,-0.010352441109716892
0.0,0.0,0.0,LoadPallet,False,autonomous,False,0.0,0.0,0.0,0.0,0.0,0.0,0.0,-1,N/A,0.0,0.0,N/A,-1,N/A,0.0,0.0,N/A,-1,N/A,0.0,0.0,N/A,-1,N/A,0.0,0.0,N/A,-1,N/A,0.0,0.0,N/A,slot0,full,-6.608479964440088,0.13366449356369628,europalette_0,0,0,0,0,0,0,0,0,0,0,0,0,0,0,0,0,0,0,0.6000000238418579,0.0,0.0,0.0,0.0,0.0,0.0,0.0,0.0,0.0,0.0,0.6000000238418579,0.0,0.0,0.0,0.0,0.0,0.5759323239326477,-0.009261034429073334,0.0,-1.0698474424774957,-0.0022706166494743246,-0.029198314523142838,0.6587787327173658,0.20764863868063535,-0.009261034725755124,0.010416546004672353,-0.010909936551062253,0.0,0.0,0.0,0.0,0.0,0.0,0.0,0.0,0.0,0.0,0.0,0.0,-0.08583437651395798,-0.025183768942952156,-0.010352441109716892
0.0,0.0,0.0,LoadPallet,False,autonomous,False,0.0,0.0,0.0,0.0,0.0,0.0,0.0,-1,N/A,0.0,0.0,N/A,-1,N/A,0.0,0.0,N/A,-1,N/A,0.0,0.0,N/A,-1,N/A,0.0,0.0,N/A,-1,N/A,0.0,0.0,N/A,slot0,full,-6.608479964440088,0.13366449356369628,europalette_0,0,0,0,0,0,0,0,0,0,0,0,0,0,0,0,0,0,0,0.0,0.0,0.0,0.0,0.0,0.0,0.0,0.0,0.0,0.0,0.0,0.6000000238418579,0.0,0.0,0.0,0.0,0.0,0.5600188970565796,-0.009158724918961525,0.0,-1.0804426937424934,-0.002290035184715846,-0.029318638440291395,0.6562931051823284,0.2076497275532648,-0.009158724973133303,0.0010821466173502716,-0.010909672155285823,0.0,0.0,0.0,0.0,0.0,0.0,0.0,0.0,0.0,0.0,0.0,0.0,-0.08583437651395798,-0.025183768942952156,-0.010352441109716892
0.0,0.0,0.0,LoadPallet,False,autonomous,False,0.0,0.0,0.0,0.0,0.0,0.0,0.0,-1,N/A,0.0,0.0,N/A,-1,N/A,0.0,0.0,N/A,-1,N/A,0.0,0.0,N/A,-1,N/A,0.0,0.0,N/A,-1,N/A,0.0,0.0,N/A,slot0,full,-6.608479964440088,0.13366449356369628,europalette_0,0,0,0,0,0,0,0,0,0,0,0,0,0,0,0,0,0,0,0.0,0.0,0.0,0.0,0.0,0.0,0.0,0.0,0.0,0.0,0.0,0.6000000238418579,0.0,0.0,0.0,0.0,0.0,0.5600188970565796,0.0,0.0,-1.06943845341043,-0.0022144167222288604,-0.02919262590530808,0.6632632019456537,0.20765159311948334,-0.00919214837282567,-0.003161927415937561,-0.010909371648666297,0.0,0.0,0.0,0.0,0.0,0.0,0.0,0.0,0.0,0.0,0.0,0.0,-0.08583437651395798,-0.025183768942952156,-0.010352441109716892
0.0,0.0,0.0,LoadPallet,False,autonomous,False,0.0,0.0,0.0,0.0,0.0,0.0,0.0,-1,N/A,0.0,0.0,N/A,-1,N/A,0.0,0.0,N/A,-1,N/A,0.0,0.0,N/A,-1,N/A,0.0,0.0,N/A,-1,N/A,0.0,0.0,N/A,slot0,full,-6.608479964440088,0.13366449356369628,europalette_0,0,0,0,0,0,0,0,0,0,0,0,0,0,0,0,0,0,0,0.0,0.0,0.0,0.0,0.0,0.0,0.0,0.0,0.0,0.0,0.0,0.6000000238418579,0.0,0.0,0.0,0.0,0.0,0.5600188970565796,0.0,0.0,-1.0794374145324066,-0.002209345296087701,-0.029308107290584,0.6632263506531899,0.20765093158766232,-0.009277071794009828,-0.005155278596994626,-0.010909072915015366,0.0,0.0,0.0,0.0,0.0,0.0,0.0,0.0,0.0,0.0,0.0,0.0,-0.08583437651395798,-0.025183768942952156,-0.010352441109716892
0.0,0.0,0.0,LoadPallet,False,autonomous,False,0.0,0.0,0.0,0.0,0.0,0.0,0.0,-1,N/A,0.0,0.0,N/A,-1,N/A,0.0,0.0,N/A,-1,N/A,0.0,0.0,N/A,-1,N/A,0.0,0.0,N/A,-1,N/A,0.0,0.0,N/A,slot0,full,-6.608479964440088,0.13366449356369628,europalette_0,0,0,0,0,0,0,0,0,0,0,0,0,0,0,0,0,0,0,0.0,0.0,0.0,0.0,0.0,0.0,0.0,0.0,0.0,0.0,0.0,0.6000000238418579,0.0,0.0,0.0,0.0,0.0,0.5600188970565796,0.0,0.0,-1.069030688711404,-0.002200150840895986,-0.029188540594997425,0.6641377490172431,0.2076521741890769,-0.009379926371266833,-0.005109275740376783,-0.01090874470544137,0.0,0.0,0.0,0.0,0.0,0.0,0.0,0.0,0.0,0.0,0.0,0.0,-0.08583437651395798,-0.025183768942952156,-0.010352441109716892
0.0,0.0,0.0,LoadPallet,False,autonomous,False,0.0,0.0,0.0,0.0,0.0,0.0,0.0,-1,N/A,0.0,0.0,N/A,-1,N/A,0.0,0.0,N/A,-1,N/A,0.0,0.0,N/A,-1,N/A,0.0,0.0,N/A,-1,N/A,0.0,0.0,N/A,slot0,full,-6.608479964440088,0.13366449356369628,europalette_0,0,0,0,0,0,0,0,0,0,0,0,0,0,0,0,0,0,0,0.0,0.0,0.0,0.0,0.0,0.0,0.0,0.0,0.0,0.0,0.0,0.6000000238418579,0.0,0.0,0.0,0.0,0.0,0.5600188970565796,0.0,0.0,-1.0784341368954191,-0.002203036131239306,-0.029295593715692653,0.6638459423840288,0.20765313669825886,-0.009480918807202698,-0.004924748178932383,-0.010908412393805453,0.0,0.0,0.0,0.0,0.0,0.0,0.0,0.0,0.0,0.0,0.0,0.0,-0.08583437651395798,-0.025183768942952156,-0.010352441109716892
0.0,0.0,0.0,LoadPallet,False,autonomous,False,0.0,0.0,0.0,0.0,0.0,0.0,0.0,-1,N/A,0.0,0.0,N/A,-1,N/A,0.0,0.0,N/A,-1,N/A,0.0,0.0,N/A,-1,N/A,0.0,0.0,N/A,-1,N/A,0.0,0.0,N/A,slot0,full,-6.608479964440088,0.13366449356369628,europalette_0,0,0,0,0,0,0,0,0,0,0,0,0,0,0,0,0,0,0,0.0,0.0,0.0,0.0,0.0,0.0,0.0,0.0,0.0,0.0,0.0,0.6000000238418579,0.0,0.0,0.0,0.0,0.0,0.5600188970565796,0.0,0.0,-1.0638646513927692,-0.0021980700794201335,-0.029129488669309783,0.6643721176030795,0.2076537069501538,-0.009578336919702224,-0.004749471845706902,-0.010908080096074399,0.0,0.0,0.0,0.0,0.0,0.0,0.0,0.0,0.0,0.0,0.0,0.0,-0.08583437651395798,-0.025183768942952156,-0.010352441109716892
0.0,0.0,0.0,LoadPallet,False,autonomous,False,0.0,0.0,0.0,0.0,0.0,0.0,0.0,-1,N/A,0.0,0.0,N/A,-1,N/A,0.0,0.0,N/A,-1,N/A,0.0,0.0,N/A,-1,N/A,0.0,0.0,N/A,-1,N/A,0.0,0.0,N/A,slot0,full,-6.608479964440088,0.13366449356369628,europalette_0,0,0,0,0,0,0,0,0,0,0,0,0,0,0,0,0,0,0,0.0,0.0,0.0,0.0,0.0,0.0,0.0,0.0,0.0,0.0,0.0,0.6000000238418579,0.0,0.0,0.0,0.0,0.0,0.5600188970565796,0.0,0.0,-1.072829660861732,-0.0022025182789180524,-0.029230853961116493,0.6639478417837665,0.20765528750287265,-0.009670448526259534,-0.004510182536845958,-0.010907750719688731,0.0,0.0,0.0,0.0,0.0,0.0,0.0,0.0,0.0,0.0,0.0,0.0,-0.08583437651395798,-0.025183768942952156,-0.010352441109716892
0.0,0.0,0.0,LoadPallet,False,autonomous,False,0.0,0.0,0.0,0.0,0.0,0.0,0.0,-1,N/A,0.0,0.0,N/A,-1,N/A,0.0,0.0,N/A,-1,N/A,0.0,0.0,N/A,-1,N/A,0.0,0.0,N/A,-1,N/A,0.0,0.0,N/A,slot0,full,-6.608479964440088,0.13366449356369628,europalette_0,0,0,0,0,0,0,0,0,0,0,0,0,0,0,0,0,0,0,0.0,0.0,0.0,0.0,0.0,0.0,0.0,0.0,0.0,0.0,0.0,0.6000000238418579,0.0,0.0,0.0,0.0,0.0,0.5600188970565796,0.0,0.0,-1.0637707378769368,-0.002196932723540497,-0.029128095641170915,0.6644294705113225,0.20765720187325334,-0.009756572338378788,-0.004201395548371639,-0.010907433860927802,0.0,0.0,0.0,0.0,0.0,0.0,0.0,0.0,0.0,0.0,0.0,0.0,-0.08583437651395798,-0.025183768942952156,-0.010352441109716892
0.0,0.0,0.0,LoadPallet,False,autonomous,False,0.0,0.0,0.0,0.0,0.0,0.0,0.0,-1,N/A,0.0,0.0,N/A,-1,N/A,0.0,0.0,N/A,-1,N/A,0.0,0.0,N/A,-1,N/A,0.0,0.0,N/A,-1,N/A,0.0,0.0,N/A,slot0,full,-6.608479964440088,0.13366449356369628,europalette_0,0,0,0,0,0,0,0,0,0,0,0,0,0,0,0,0,0,0,0.0,0.0,0.0,0.0,0.0,0.0,0.0,0.0,0.0,0.0,0.0,0.6000000238418579,0.0,0.0,0.0,0.0,0.0,0.5600188970565796,0.0,0.0,-1.0721414782178056,-0.0022028135379683796,-0.029223672963461955,0.6639886728934812,0.2076578310620748,-0.009842011277520157,-0.004378826087019532,-0.010907118028871367,0.0,0.0,0.0,0.0,0.0,0.0,0.0,0.0,0.0,0.0,0.0,0.0,-0.08583437651395798,-0.025183768942952156,-0.010352441109716892
0.0,0.0,0.0,LoadPallet,False,autonomous,False,0.0,0.0,0.0,0.0,0.0,0.0,0.0,-1,N/A,0.0,0.0,N/A,-1,N/A,0.0,0.0,N/A,-1,N/A,0.0,0.0,N/A,-1,N/A,0.0,0.0,N/A,-1,N/A,0.0,0.0,N/A,slot0,full,-6.608479964440088,0.13366449356369628,europalette_0,0,0,0,0,0,0,0,0,0,0,0,0,0,0,0,0,0,0,0.0,0.0,0.0,0.0,0.0,0.0,0.0,0.0,0.0,0.0,0.0,0.6000000238418579,0.0,0.0,0.0,0.0,0.0,0.5600188970565796,0.0,0.0,-1.0678103165884507,-0.002199404778507639,-0.029174638155827715,0.6642775349499459,0.2076590316461358,-0.009928784822816894,-0.004245844917872265,-0.010906798771152559,0.0,0.0,0.0,0.0,0.0,0.0,0.0,0.0,0.0,0.0,0.0,0.0,-0.08583437651395798,-0.025183768942952156,-0.010352441109716892
0.0,0.0,0.0,LoadPallet,False,autonomous,False,0.0,0.0,0.0,0.0,0.0,0.0,0.0,-1,N/A,0.0,0.0,N/A,-1,N/A,0.0,0.0,N/A,-1,N/A,0.0,0.0,N/A,-1,N/A,0.0,0.0,N/A,-1,N/A,0.0,0.0,N/A,slot0,full,-6.608479964440088,0.13366449356369628,europalette_0,0,0,0,0,0,0,0,0,0,0,0,0,0,0,0,0,0,0,0.0,0.0,0.0,0.0,0.0,0.0,0.0,0.0,0.0,0.0,0.0,0.6000000238418579,0.0,0.0,0.0,0.0,0.0,0.5600188970565796,0.0,0.0,-1.0754310990770297,-0.002205203461731864,-0.029261434066160052,0.6638403834946587,0.20765978402353003,-0.010010671666353943,-0.003950075522698983,-0.010906481580809722,0.0,0.0,0.0,0.0,0.0,0.0,0.0,0.0,0.0,0.0,0.0,0.0,-0.08583437651395798,-0.025183768942952156,-0.010352441109716892
0.0,0.0,0.0,LoadPallet,False,autonomous,False,0.0,0.0,0.0,0.0,0.0,0.0,0.0,-1,N/A,0.0,0.0,N/A,-1,N/A,0.0,0.0,N/A,-1,N/A,0.0,0.0,N/A,-1,N/A,0.0,0.0,N/A,-1,N/A,0.0,0.0,N/A,slot0,full,-6.608479964440088,0.13366449356369628,europalette_0,0,0,0,0,0,0,0,0,0,0,0,0,0,0,0,0,0,0,0.0,0.0,0.0,0.0,0.0,0.0,0.0,0.0,0.0,0.0,0.0,0.6000000238418579,0.0,0.0,0.0,0.0,0.0,0.5600188970565796,0.0,0.0,-1.0674044272156253,-0.002200099533782904,-0.02917050135924254,0.6642828643337282,0.20766093762946455,-0.0100875763838566,-0.003779293843598674,-0.010906162620364767,0.0,0.0,0.0,0.0,0.0,0.0,0.0,0.0,0.0,0.0,0.0,0.0,-0.08583437651395798,-0.025183768942952156,-0.010352441109716892
0.0,0.0,0.0,LoadPallet,False,autonomous,False,0.0,0.0,0.0,0.0,0.0,0.0,0.0,-1,N/A,0.0,0.0,N/A,-1,N/A,0.0,0.0,N/A,-1,N/A,0.0,0.0,N/A,-1,N/A,0.0,0.0,N/A,-1,N/A,0.0,0.0,N/A,slot0,full,-6.608479964440088,0.13366449356369628,europalette_0,0,0,0,0,0,0,0,0,0,0,0,0,0,0,0,0,0,0,0.0,0.0,0.0,0.0,0.0,0.0,0.0,0.0,0.0,0.0,0.0,0.6000000238418579,0.0,0.0,0.0,0.0,0.0,0.5600188970565796,0.0,0.0,-1.0744320430103325,-0.0022064986529378786,-0.02925037288137347,0.6637966731240397,0.20766179283172181,-0.010160686988641032,-0.0035601269608992055,-0.01090584329573959,0.0,0.0,0.0,0.0,0.0,0.0,0.0,0.0,0.0,0.0,0.0,0.0,-0.08583437651395798,-0.025183768942952156,-0.010352441109716892
0.0,0.0,0.0,LoadPallet,False,autonomous,False,0.0,0.0,0.0,0.0,0.0,0.0,0.0,-1,N/A,0.0,0.0,N/A,-1,N/A,0.0,0.0,N/A,-1,N/A,0.0,0.0,N/A,-1,N/A,0.0,0.0,N/A,-1,N/A,0.0,0.0,N/A,slot0,full,-6.608479964440088,0.13366449356369628,europalette_0,0,0,0,0,0,0,0,0,0,0,0,0,0,0,0,0,0,0,0.0,0.0,0.0,0.0,0.0,0.0,0.0,0.0,0.0,0.0,0.0,0.6000000238418579,0.0,0.0,0.0,0.0,0.0,0.5600188970565796,0.0,0.0,-1.063489560467242,-0.0021981092897183294,-0.029124979459214384,0.6645543917587418,0.2076626156399343,-0.010230530288456663,-0.003287820378759237,-0.010905525484986014,0.0,0.0,0.0,0.0,0.0,0.0,0.0,0.0,0.0,0.0,0.0,0.0,-0.08583437651395798,-0.025183768942952156,-0.010352441109716892
0.0,0.0,0.0,LoadPallet,False,autonomous,False,0.0,0.0,0.0,0.0,0.0,0.0,0.0,-1,N/A,0.0,0.0,N/A,-1,N/A,0.0,0.0,N/A,-1,N/A,0.0,0.0,N/A,-1,N/A,0.0,0.0,N/A,-1,N/A,0.0,0.0,N/A,slot0,full,-6.608479964440088,0.13366449356369628,europalette_0,0,0,0,0,0,0,0,0,0,0,0,0,0,0,0,0,0,0,0.0,0.0,0.0,0.0,0.0,0.0,0.0,0.0,0.0,0.0,0.0,0.6000000238418579,0.0,0.0,0.0,0.0,0.0,0.5600188970565796,0.0,0.0,-1.0700804703073463,-0.002203287692993109,-0.029199796199118916,0.6640840909118992,0.2076635709636457,-0.0102975301476107,-0.0032616935923322856,-0.010905208539006497,0.0,0.0,0.0,0.0,0.0,0.0,0.0,0.0,0.0,0.0,0.0,0.0,-0.08583437651395798,-0.025183768942952156,-0.010352441109716892
0.0,0.0,0.0,LoadPallet,False,autonomous,False,0.0,0.0,0.0,0.0,0.0,0.0,0.0,-1,N/A,0.0,0.0,N/A,-1,N/A,0.0,0.0,N/A,-1,N/A,0.0,0.0,N/A,-1,N/A,0.0,0.0,N/A,-1,N/A,0.0,0.0,N/A,slot0,full,-6.608479964440088,0.13366449356369628,europalette_0,0,0,0,0,0,0,0,0,0,0,0,0,0,0,0,0,0,0,0.0,0.0,0.0,0.0,0.0,0.0,0.0,0.0,0.0,0.0,0.0,0.6000000238418579,0.0,0.0,0.0,0.0,0.0,0.5600188970565796,0.0,0.0,-1.0633960009490826,-0.0021980067143074107,-0.029123957087617974,0.6646009324494173,0.20766434812181214,-0.01036125266976562,-0.00298077187437173,-0.010904889902694562,0.0,0.0,0.0,0.0,0.0,0.0,0.0,0.0,0.0,0.0,0.0,0.0,-0.08583437651395798,-0.025183768942952156,-0.010352441109716892
0.0,0.0,0.0,LoadPallet,False,autonomous,False,0.0,0.0,0.0,0.0,0.0,0.0,0.0,-1,N/A,0.0,0.0,N/A,-1,N/A,0.0,0.0,N/A,-1,N/A,0.0,0.0,N/A,-1,N/A,0.0,0.0,N/A,-1,N/A,0.0,0.0,N/A,slot0,full,-6.608479964440088,0.13366449356369628,europalette_0,0,0,0,0,0,0,0,0,0,0,0,0,0,0,0,0,0,0,0.0,0.0,0.0,0.0,0.0,0.0,0.0,0.0,0.0,0.0,0.0,0.6000000238418579,0.0,0.0,0.0,0.0,0.0,0.5600188970565796,0.0,0.0,-1.0724361399595463,-0.0022064876074594612,-0.029225760787682548,0.6638948425925264,0.20766644941688392,-0.010422032505120526,-0.0029914347876705085,-0.010904571704339205,0.0,0.0,0.0,0.0,0.0,0.0,0.0,0.0,0.0,0.0,0.0,0.0,-0.08583437651395798,-0.025183768942952156,-0.010352441109716892
0.0,0.0,0.0,LoadPallet,False,autonomous,False,0.0,0.0,0.0,0.0,0.0,0.0,0.0,-1,N/A,0.0,0.0,N/A,-1,N/A,0.0,0.0,N/A,-1,N/A,0.0,0.0,N/A,-1,N/A,0.0,0.0,N/A,-1,N/A,0.0,0.0,N/A,slot0,full,-6.608479964440088,0.13366449356369628,europalette_0,0,0,0,0,0,0,0,0,0,0,0,0,0,0,0,0,0,0,0.0,0.0,0.0,0.0,0.0,0.0,0.0,0.0,0.0,0.0,0.0,0.6000000238418579,0.0,0.0,0.0,0.0,0.0,0.5600188970565796,0.0,0.0,-1.0661883485264227,-0.0022012494763631978,-0.0291561226748559,0.6643936713970788,0.2076671922852814,-0.010479461414522717,-0.0028238808831347875,-0.010904254057669484,0.0,0.0,0.0,0.0,0.0,0.0,0.0,0.0,0.0,0.0,0.0,0.0,-0.08583437651395798,-0.025183768942952156,-0.010352441109716892
0.0,0.0,0.0,LoadPallet,False,autonomous,False,0.0,0.0,0.0,0.0,0.0,0.0,0.0,-1,N/A,0.0,0.0,N/A,-1,N/A,0.0,0.0,N/A,-1,N/A,0.0,0.0,N/A,-1,N/A,0.0,0.0,N/A,-1,N/A,0.0,0.0,N/A,slot0,full,-6.608479964440088,0.13366449356369628,europalette_0,0,0,0,0,0,0,0,0,0,0,0,0,0,0,0,0,0,0,0.0,0.0,0.0,0.0,0.0,0.0,0.0,0.0,0.0,0.0,0.0,0.6000000238418579,0.0,0.0,0.0,0.0,0.0,0.5600188970565796,0.0,0.0,-1.071439592451461,-0.00220636679601878,-0.029215470304266133,0.6639357361755458,0.20766817029867837,-0.010533448916795862,-0.002595936019845056,-0.010903934408403796,0.0,0.0,0.0,0.0,0.0,0.0,0.0,0.0,0.0,0.0,0.0,0.0,-0.08583437651395798,-0.025183768942952156,-0.010352441109716892
0.0,0.0,0.0,LoadPallet,False,autonomous,False,0.0,0.0,0.0,0.0,0.0,0.0,0.0,-1,N/A,0.0,0.0,N/A,-1,N/A,0.0,0.0,N/A,-1,N/A,0.0,0.0,N/A,-1,N/A,0.0,0.0,N/A,-1,N/A,0.0,0.0,N/A,slot0,full,-6.608479964440088,0.13366449356369628,europalette_0,0,0,0,0,0,0,0,0,0,0,0,0,0,0,0,0,0,0,0.0,0.0,0.0,0.0,0.0,0.0,0.0,0.0,0.0,0.0,0.0,0.6000000238418579,0.0,0.0,0.0,0.0,0.0,0.5600188970565796,0.0,0.0,-1.065783825178984,-0.0022010980343670807,-0.029152060924482748,0.6644410893839847,0.20766894982470033,-0.010583953344706742,-0.0024162355564812184,-0.010903618076151306,0.0,0.0,0.0,0.0,0.0,0.0,0.0,0.0,0.0,0.0,0.0,0.0,-0.08583437651395798,-0.025183768942952156,-0.010352441109716892
0.0,0.0,0.0,LoadPallet,False,autonomous,False,0.0,0.0,0.0,0.0,0.0,0.0,0.0,-1,N/A,0.0,0.0,N/A,-1,N/A,0.0,0.0,N/A,-1,N/A,0.0,0.0,N/A,-1,N/A,0.0,0.0,N/A,-1,N/A,0.0,0.0,N/A,slot0,full,-6.608479964440088,0.13366449356369628,europalette_0,0,0,0,0,0,0,0,0,0,0,0,0,0,0,0,0,0,0,0.0,0.0,0.0,0.0,0.0,0.0,0.0,0.0,0.0,0.0,0.0,0.6000000238418579,0.0,0.0,0.0,0.0,0.0,0.5600188970565796,0.0,0.0,-1.07044402124352,-0.002206584689865801,-0.02920444571686784,0.6639926755662486,0.20767012696141943,-0.010631032460585388,-0.0022923913404169975,-0.010903299548785762,0.0,0.0,0.0,0.0,0.0,0.0,0.0,0.0,0.0,0.0,0.0,0.0,-0.08583437651395798,-0.025183768942952156,-0.010352441109716892
0.0,0.0,0.0,LoadPallet,False,autonomous,False,0.0,0.0,0.0,0.0,0.0,0.0,0.0,-1,N/A,0.0,0.0,N/A,-1,N/A,0.0,0.0,N/A,-1,N/A,0.0,0.0,N/A,-1,N/A,0.0,0.0,N/A,-1,N/A,0.0,0.0,N/A,slot0,full,-6.608479964440088,0.13366449356369628,europalette_0,0,0,0,0,0,0,0,0,0,0,0,0,0,0,0,0,0,0,0.0,0.0,0.0,0.0,0.0,0.0,0.0,0.0,0.0,0.0,0.0,0.6000000238418579,0.0,0.0,0.0,0.0,0.0,0.5600188970565796,0.0,0.0,-1.0653796083414724,-0.0022015822455494077,-0.029146793914968216,0.6644801332220993,0.20767099687781146,-0.010674576819884152,-0.002064573502022294,-0.010902980355789077,0.0,0.0,0.0,0.0,0.0,0.0,0.0,0.0,0.0,0.0,0.0,0.0,-0.08583437651395798,-0.025183768942952156,-0.010352441109716892
0.0,0.0,0.0,LoadPallet,False,autonomous,False,0.0,0.0,0.0,0.0,0.0,0.0,0.0,-1,N/A,0.0,0.0,N/A,-1,N/A,0.0,0.0,N/A,-1,N/A,0.0,0.0,N/A,-1,N/A,0.0,0.0,N/A,-1,N/A,0.0,0.0,N/A,slot0,full,-6.608479964440088,0.13366449356369628,europalette_0,0,0,0,0,0,0,0,0,0,0,0,0,0,0,0,0,0,0,0.0,0.0,0.0,0.0,0.0,0.0,0.0,0.0,0.0,0.0,0.0,0.6000000238418579,0.0,0.0,0.0,0.0,0.0,0.5600188970565796,0.0,0.0,-1.0694492026479545,-0.0022070137491962023,-0.029191852504212135,0.6640340269056537,0.20767274886335074,-0.010714476342085888,-0.0018732262823374128,-0.010902664627177126,0.0,0.0,0.0,0.0,0.0,0.0,0.0,0.0,0.0,0.0,0.0,0.0,-0.08583437651395798,-0.025183768942952156,-0.010352441109716892
0.0,0.0,0.0,LoadPallet,False,autonomous,False,0.0,0.0,0.0,0.0,0.0,0.0,0.0,-1,N/A,0.0,0.0,N/A,-1,N/A,0.0,0.0,N/A,-1,N/A,0.0,0.0,N/A,-1,N/A,0.0,0.0,N/A,-1,N/A,0.0,0.0,N/A,slot0,full,-6.608479964440088,0.13366449356369628,europalette_0,0,0,0,0,0,0,0,0,0,0,0,0,0,0,0,0,0,0,0.0,0.0,0.0,0.0,0.0,0.0,0.0,0.0,0.0,0.0,0.0,0.6000000238418579,0.0,0.0,0.0,0.0,0.0,0.5600188970565796,0.0,0.0,-1.0649757189649578,-0.0022023012368002533,-0.029142242417072972,0.6645191073486387,0.20767339575847385,-0.010752186075107417,-0.0018532818236076454,-0.010902347040049462,0.0,0.0,0.0,0.0,0.0,0.0,0.0,0.0,0.0,0.0,0.0,0.0,-0.08583437651395798,-0.025183768942952156,-0.010352441109716892
0.0,0.0,0.0,LoadPallet,False,autonomous,False,0.0,0.0,0.0,0.0,0.0,0.0,0.0,-1,N/A,0.0,0.0,N/A,-1,N/A,0.0,0.0,N/A,-1,N/A,0.0,0.0,N/A,-1,N/A,0.0,0.0,N/A,-1,N/A,0.0,0.0,N/A,slot0,full,-6.608479964440088,0.13366449356369628,europalette_0,0,0,0,0,0,0,0,0,0,0,0,0,0,0,0,0,0,0,0.0,0.0,0.0,0.0,0.0,0.0,0.0,0.0,0.0,0.0,0.0,0.6000000238418579,0.0,0.0,0.0,0.0,0.0,0.5600188970565796,0.0,0.0,-1.0666575938294955,-0.002204579363638711,-0.02916096800075274,0.6643274185671544,0.2076739808534751,-0.010786347559097464,-0.0015830149693244074,-0.010902026984378012,0.0,0.0,0.0,0.0,0.0,0.0,0.0,0.0,0.0,0.0,0.0,0.0,-0.08583437651395798,-0.025183768942952156,-0.010352441109716892
0.0,0.0,0.0,LoadPallet,False,autonomous,False,0.0,0.0,0.0,0.0,0.0,0.0,0.0,-1,N/A,0.0,0.0,N/A,-1,N/A,0.0,0.0,N/A,-1,N/A,0.0,0.0,N/A,-1,N/A,0.0,0.0,N/A,-1,N/A,0.0,0.0,N/A,slot0,full,-6.608479964440088,0.13366449356369628,europalette_0,0,0,0,0,0,0,0,0,0,0,0,0,0,0,0,0,0,0,0.0,0.0,0.0,0.0,0.0,0.0,0.0,0.0,0.0,0.0,0.0,0.6000000238418579,0.0,0.0,0.0,0.0,0.0,0.5600188970565796,0.0,0.0,-1.0629294812436978,-0.002199353997929962,-0.029119196034515737,0.6647725197452417,0.20767517303724406,-0.010815848371906966,-0.0013360054805110519,-0.01090171032505009,0.0,0.0,0.0,0.0,0.0,0.0,0.0,0.0,0.0,0.0,0.0,0.0,-0.08583437651395798,-0.025183768942952156,-0.010352441109716892
0.0,0.0,0.0,LoadPallet,False,autonomous,False,0.0,0.0,0.0,0.0,0.0,0.0,0.0,-1,N/A,0.0,0.0,N/A,-1,N/A,0.0,0.0,N/A,-1,N/A,0.0,0.0,N/A,-1,N/A,0.0,0.0,N/A,-1,N/A,0.0,0.0,N/A,slot0,full,-6.608479964440088,0.13366449356369628,europalette_0,0,0,0,0,0,0,0,0,0,0,0,0,0,0,0,0,0,0,0.0,0.0,0.0,0.0,0.0,0.0,0.0,0.0,0.0,0.0,0.0,0.6000000238418579,0.0,0.0,0.0,0.0,0.0,0.5600188970565796,0.0,0.0,-1.065975034641398,-0.002205681238391849,-0.02915329505127856,0.6643212849032807,0.20767609925938543,-0.010841144494452948,-0.0011852929910293021,-0.010901391595083222,0.0,0.0,0.0,0.0,0.0,0.0,0.0,0.0,0.0,0.0,0.0,0.0,-0.08583437651395798,-0.025183768942952156,-0.010352441109716892
0.0,0.0,0.0,LoadPallet,False,autonomous,False,0.0,0.0,0.0,0.0,0.0,0.0,0.0,-1,N/A,0.0,0.0,N/A,-1,N/A,0.0,0.0,N/A,-1,N/A,0.0,0.0,N/A,-1,N/A,0.0,0.0,N/A,-1,N/A,0.0,0.0,N/A,slot0,full,-6.608479964440088,0.13366449356369628,europalette_0,0,0,0,0,0,0,0,0,0,0,0,0,0,0,0,0,0,0,0.0,0.0,0.0,0.0,0.0,0.0,0.0,0.0,0.0,0.0,0.0,0.6000000238418579,0.0,0.0,0.0,0.0,0.0,0.5600188970565796,0.0,0.0,-1.062836357606845,-0.0022003515466492846,-0.029117057592256634,0.664785440850892,0.20767733101712163,-0.010863141927520914,-0.0010945630258556423,-0.010901074977092945,0.0,0.0,0.0,0.0,0.0,0.0,0.0,0.0,0.0,0.0,0.0,0.0,-0.08583437651395798,-0.025183768942952156,-0.010352441109716892
0.0,0.0,0.0,LoadPallet,False,autonomous,False,0.0,0.0,0.0,0.0,0.0,0.0,0.0,-1,N/A,0.0,0.0,N/A,-1,N/A,0.0,0.0,N/A,-1,N/A,0.0,0.0,N/A,-1,N/A,0.0,0.0,N/A,-1,N/A,0.0,0.0,N/A,slot0,full,-6.608479964440088,0.13366449356369628,europalette_0,0,0,0,0,0,0,0,0,0,0,0,0,0,0,0,0,0,0,0.0,0.0,0.0,0.0,0.0,0.0,0.0,0.0,0.0,0.0,0.0,0.6000000238418579,0.0,0.0,0.0,0.0,0.0,0.5600188970565796,0.0,0.0,-1.0652931022794152,-0.0022057323161426036,-0.02914460198843652,0.664410872069567,0.20767807328345878,-0.010883259029331072,-0.0007361076918738226,-0.010900756628035507,0.0,0.0,0.0,0.0,0.0,0.0,0.0,0.0,0.0,0.0,0.0,0.0,-0.08583437651395798,-0.025183768942952156,-0.010352441109716892
0.0,0.0,0.0,LoadPallet,False,autonomous,False,0.0,0.0,0.0,0.0,0.0,0.0,0.0,-1,N/A,0.0,0.0,N/A,-1,N/A,0.0,0.0,N/A,-1,N/A,0.0,0.0,N/A,-1,N/A,0.0,0.0,N/A,-1,N/A,0.0,0.0,N/A,slot0,full,-6.608479964440088,0.13366449356369628,europalette_0,0,0,0,0,0,0,0,0,0,0,0,0,0,0,0,0,0,0,0.0,0.0,0.0,0.0,0.0,0.0,0.0,0.0,0.0,0.0,0.0,0.6000000238418579,0.0,0.0,0.0,0.0,0.0,0.5600188970565796,0.0,0.0,-1.0637667321498552,-0.0022032070630480065,-0.02912724642015288,0.6646065101572844,0.20767984332978184,-0.010898473294780331,-0.0006226617540252728,-0.010900439075244458,0.0,0.0,0.0,0.0,0.0,0.0,0.0,0.0,0.0,0.0,0.0,0.0,-0.08583437651395798,-0.025183768942952156,-0.010352441109716892
0.0,0.0,0.0,LoadPallet,False,autonomous,False,0.0,0.0,0.0,0.0,0.0,0.0,0.0,-1,N/A,0.0,0.0,N/A,-1,N/A,0.0,0.0,N/A,-1,N/A,0.0,0.0,N/A,-1,N/A,0.0,0.0,N/A,-1,N/A,0.0,0.0,N/A,slot0,full,-6.608479964440088,0.13366449356369628,europalette_0,0,0,0,0,0,0,0,0,0,0,0,0,0,0,0,0,0,0,0.0,0.0,0.0,0.0,0.0,0.0,0.0,0.0,0.0,0.0,0.0,0.6000000238418579,0.0,0.0,0.0,0.0,0.0,0.5600188970565796,0.0,0.0,-1.0654803986825767,-0.002209576939706994,-0.029146038413191466,0.6641607592734999,0.20768076759444046,-0.010908620886992182,-0.00025590005528348025,-0.010900120009924952,0.0,0.0,0.0,0.0,0.0,0.0,0.0,0.0,0.0,0.0,0.0,0.0,-0.08583437651395798,-0.025183768942952156,-0.010352441109716892
0.0,0.0,0.0,LoadPallet,False,autonomous,False,0.0,0.0,0.0,0.0,0.0,0.0,0.0,-1,N/A,0.0,0.0,N/A,-1,N/A,0.0,0.0,N/A,-1,N/A,0.0,0.0,N/A,-1,N/A,0.0,0.0,N/A,-1,N/A,0.0,0.0,N/A,slot0,full,-6.608479964440088,0.13366449356369628,europalette_0,0,0,0,0,0,0,0,0,0,0,0,0,0,0,0,0,0,0,0.0,0.0,0.0,0.0,0.0,0.0,0.0,0.0,0.0,0.0,0.0,0.6000000238418579,0.0,0.0,0.0,0.0,0.0,0.5600188970565796,0.0,0.0,-1.0633644857313462,-0.002204543785176146,-0.0291228615912284,0.664624772310475,0.20768223856396323,-0.010914611708253474,-0.0001839160559312624,-0.010899803950008176,0.0,0.0,0.0,0.0,0.0,0.0,0.0,0.0,0.0,0.0,0.0,0.0,-0.08583437651395798,-0.025183768942952156,-0.010352441109716892
0.0,0.0,0.0,LoadPallet,False,autonomous,False,0.0,0.0,0.0,0.0,0.0,0.0,0.0,-1,N/A,0.0,0.0,N/A,-1,N/A,0.0,0.0,N/A,-1,N/A,0.0,0.0,N/A,-1,N/A,0.0,0.0,N/A,-1,N/A,0.0,0.0,N/A,slot0,full,-6.608479964440088,0.13366449356369628,europalette_0,0,0,0,0,0,0,0,0,0,0,0,0,0,0,0,0,0,0,0.0,0.0,0.0,0.0,0.0,0.0,0.0,0.0,0.0,0.0,0.0,0.6000000238418579,0.0,0.0,0.0,0.0,0.0,0.5600188970565796,0.0,0.0,-1.0644905640738882,-0.002208589706125575,-0.029135174561583654,0.6643048763244224,0.20768291489914117,-0.010918948969468545,-0.0002054459885869753,-0.010899487318108097,0.0,0.0,0.0,0.0,0.0,0.0,0.0,0.0,0.0,0.0,0.0,0.0,-0.08583437651395798,-0.025183768942952156,-0.010352441109716892
0.0,0.0,0.0,LoadPallet,False,autonomous,False,0.0,0.0,0.0,0.0,0.0,0.0,0.0,-1,N/A,0.0,0.0,N/A,-1,N/A,0.0,0.0,N/A,-1,N/A,0.0,0.0,N/A,-1,N/A,0.0,0.0,N/A,-1,N/A,0.0,0.0,N/A,slot0,full,-6.608479964440088,0.13366449356369628,europalette_0,0,0,0,0,0,0,0,0,0,0,0,0,0,0,0,0,0,0,0.0,0.0,0.0,0.0,0.0,0.0,0.0,0.0,0.0,0.0,0.0,0.6000000238418579,0.0,0.0,0.0,0.0,0.0,0.5600188970565796,0.0,0.0,-1.0629625453730744,-0.0022056563754226516,-0.02911802898621299,0.6646713508629887,0.20768386712358156,-0.010920570858605316,0.00016293531060098692,-0.010899167801956582,0.0,0.0,0.0,0.0,0.0,0.0,0.0,0.0,0.0,0.0,0.0,0.0,-0.08583437651395798,-0.025183768942952156,-0.010352441109716892
0.0,0.0,0.0,LoadPallet,False,autonomous,False,0.0,0.0,0.0,0.0,0.0,0.0,0.0,-1,N/A,0.0,0.0,N/A,-1,N/A,0.0,0.0,N/A,-1,N/A,0.0,0.0,N/A,-1,N/A,0.0,0.0,N/A,-1,N/A,0.0,0.0,N/A,slot0,full,-6.608479964440088,0.13366449356369628,europalette_0,0,0,0,0,0,0,0,0,0,0,0,0,0,0,0,0,0,0,0.0,0.0,0.0,0.0,0.0,0.0,0.0,0.0,0.0,0.0,0.0,0.6000000238418579,0.0,0.0,0.0,0.0,0.0,0.5600188970565796,0.0,0.0,-1.0635015070395637,-0.0022092068362174477,-0.029124307571487484,0.6644223440771668,0.20768382752319678,-0.010919154419545052,3.384117884534289e-05,-0.010898844843101992,0.0,0.0,0.0,0.0,0.0,0.0,0.0,0.0,0.0,0.0,0.0,0.0,-0.08583437651395798,-0.025183768942952156,-0.010352441109716892
0.0,0.0,0.0,LoadPallet,False,autonomous,False,0.0,0.0,0.0,0.0,0.0,0.0,0.0,-1,N/A,0.0,0.0,N/A,-1,N/A,0.0,0.0,N/A,-1,N/A,0.0,0.0,N/A,-1,N/A,0.0,0.0,N/A,-1,N/A,0.0,0.0,N/A,slot0,full,-6.608479964440088,0.13366449356369628,europalette_0,0,0,0,0,0,0,0,0,0,0,0,0,0,0,0,0,0,0,0.0,0.0,0.0,0.0,0.0,0.0,0.0,0.0,0.0,0.0,0.0,0.6000000238418579,0.0,0.0,0.0,0.0,0.0,0.5600188970565796,0.0,0.0,-1.062561339776614,-0.0022050217958684178,-0.029113319644386515,0.6647827908821284,0.2076858908525242,-0.010917625916622598,8.451259438733137e-05,-0.010898513862422268,0.0,0.0,0.0,0.0,0.0,0.0,0.0,0.0,0.0,0.0,0.0,0.0,-0.08583437651395798,-0.025183768942952156,-0.010352441109716892
0.0,0.0,0.0,LoadPallet,False,autonomous,False,0.0,0.0,0.0,0.0,0.0,0.0,0.0,-1,N/A,0.0,0.0,N/A,-1,N/A,0.0,0.0,N/A,-1,N/A,0.0,0.0,N/A,-1,N/A,0.0,0.0,N/A,-1,N/A,0.0,0.0,N/A,slot0,full,-6.608479964440088,0.13366449356369628,europalette_0,0,0,0,0,0,0,0,0,0,0,0,0,0,0,0,0,0,0,0.0,0.0,0.0,0.0,0.0,0.0,0.0,0.0,0.0,0.0,0.0,0.6000000238418579,0.0,0.0,0.0,0.0,0.0,0.5600188970565796,0.0,0.0,-1.0625727554941573,-0.0022061131774108664,-0.029091054619810708,0.6647345047744864,0.2077081839041972,-0.01091389112735186,0.0002927715825558452,-0.010898202991825997,0.0,0.0,0.0,0.0,0.0,0.0,0.0,0.0,0.0,0.0,0.0,0.0,-0.08583437651395798,-0.025183768942952156,-0.010352441109716892
0.0,0.0,0.0,LoadPallet,False,autonomous,False,0.0,0.0,0.0,0.0,0.0,0.0,0.0,-1,N/A,0.0,0.0,N/A,-1,N/A,0.0,0.0,N/A,-1,N/A,0.0,0.0,N/A,-1,N/A,0.0,0.0,N/A,-1,N/A,0.0,0.0,N/A,slot0,full,-6.608479964440088,0.13366449356369628,europalette_0,0,0,0,0,0,0,0,0,0,0,0,0,0,0,0,0,0,0,0.0,0.0,0.0,0.0,0.0,0.0,0.0,0.0,0.0,0.0,0.0,0.6000000238418579,0.0,0.0,0.0,0.0,0.0,0.5600188970565796,0.0,0.0,-1.0624123255560378,-0.002200405083314351,-0.029058316810208484,0.6650121019160338,0.20771316779171994,-0.010909089925664084,0.000183783670641398,-0.010897898412511207,0.0,0.0,0.0,0.0,0.0,0.0,0.0,0.0,0.0,0.0,0.0,0.0,-0.08583437651395798,-0.025183768942952156,-0.010352441109716892
0.0,0.0,0.0,LoadPallet,False,autonomous,False,0.0,0.0,0.0,0.0,0.0,0.0,0.0,-1,N/A,0.0,0.0,N/A,-1,N/A,0.0,0.0,N/A,-1,N/A,0.0,0.0,N/A,-1,N/A,0.0,0.0,N/A,-1,N/A,0.0,0.0,N/A,slot0,full,-6.608479964440088,0.13366449356369628,europalette_0,0,0,0,0,0,0,0,0,0,0,0,0,0,0,0,0,0,0,0.0,0.0,0.0,0.0,0.0,0.0,0.0,0.0,0.0,0.0,0.0,0.6000000238418579,0.0,0.0,0.0,0.0,0.0,0.5600188970565796,0.0,0.0,-1.0624113875660917,-0.002204036926833533,-0.02905906982931883,0.6647337217401343,0.20771384417158545,-0.010901162936166386,0.0005073478798227553,-0.010897588291337319,0.0,0.0,0.0,0.0,0.0,0.0,0.0,0.0,0.0,0.0,0.0,0.0,-0.08583437651395798,-0.025183768942952156,-0.010352441109716892
0.0,0.0,0.0,LoadPallet,False,autonomous,False,0.0,0.0,0.0,0.0,0.0,0.0,0.0,-1,N/A,0.0,0.0,N/A,-1,N/A,0.0,0.0,N/A,-1,N/A,0.0,0.0,N/A,-1,N/A,0.0,0.0,N/A,-1,N/A,0.0,0.0,N/A,slot0,full,-6.608479964440088,0.13366449356369628,europalette_0,0,0,0,0,0,0,0,0,0,0,0,0,0,0,0,0,0,0,0.0,0.0,0.0,0.0,0.0,0.0,0.0,0.0,0.0,0.0,0.0,0.6000000238418579,0.0,0.0,0.0,0.0,0.0,0.5600188970565796,0.0,0.0,-1.0624130895107031,-0.002202477680294624,-0.029059043035043114,0.6649607238471162,0.20771460294995372,-0.01089129215002238,0.0004995515725570067,-0.010897277748689729,0.0,0.0,0.0,0.0,0.0,0.0,0.0,0.0,0.0,0.0,0.0,0.0,-0.08583437651395798,-0.025183768942952156,-0.010352441109716892
0.0,0.0,0.0,LoadPallet,False,autonomous,False,0.0,0.0,0.0,0.0,0.0,0.0,0.0,-1,N/A,0.0,0.0,N/A,-1,N/A,0.0,0.0,N/A,-1,N/A,0.0,0.0,N/A,-1,N/A,0.0,0.0,N/A,-1,N/A,0.0,0.0,N/A,slot0,full,-6.608479964440088,0.13366449356369628,europalette_0,0,0,0,0,0,0,0,0,0,0,0,0,0,0,0,0,0,0,0.0,0.0,0.0,0.0,0.0,0.0,0.0,0.0,0.0,0.0,0.0,0.6000000238418579,0.0,0.0,0.0,0.0,0.0,0.5600188970565796,0.0,0.0,-1.0624125375530107,-0.0022056364600256118,-0.02905783569007339,0.664711367145145,0.2077158635381328,-0.01088193449714403,0.000497112065033728,-0.01089697268697371,0.0,0.0,0.0,0.0,0.0,0.0,0.0,0.0,0.0,0.0,0.0,0.0,-0.08583437651395798,-0.025183768942952156,-0.010352441109716892
0.0,0.0,0.0,LoadPallet,False,autonomous,False,0.0,0.0,0.0,0.0,0.0,0.0,0.0,-1,N/A,0.0,0.0,N/A,-1,N/A,0.0,0.0,N/A,-1,N/A,0.0,0.0,N/A,-1,N/A,0.0,0.0,N/A,-1,N/A,0.0,0.0,N/A,slot0,full,-6.608479964440088,0.13366449356369628,europalette_0,0,0,0,0,0,0,0,0,0,0,0,0,0,0,0,0,0,0,0.0,0.0,0.0,0.0,0.0,0.0,0.0,0.0,0.0,0.0,0.0,0.6000000238418579,0.0,0.0,0.0,0.0,0.0,0.5600188970565796,0.0,0.0,-1.0624132413704448,-0.0022032829586361886,-0.02905929528949075,0.6649668789054033,0.20771689151412237,-0.010872717137051957,0.000445754856460239,-0.01089666453593195,0.0,0.0,0.0,0.0,0.0,0.0,0.0,0.0,0.0,0.0,0.0,0.0,-0.08583437651395798,-0.025183768942952156,-0.010352441109716892
0.0,0.0,0.0,LoadPallet,False,autonomous,False,0.0,0.0,0.0,0.0,0.0,0.0,0.0,-1,N/A,0.0,0.0,N/A,-1,N/A,0.0,0.0,N/A,-1,N/A,0.0,0.0,N/A,-1,N/A,0.0,0.0,N/A,-1,N/A,0.0,0.0,N/A,slot0,full,-6.608479964440088,0.13366449356369628,europalette_0,0,0,0,0,0,0,0,0,0,0,0,0,0,0,0,0,0,0,0.0,0.0,0.0,0.0,0.0,0.0,0.0,0.0,0.0,0.0,0.0,0.6000000238418579,0.0,0.0,0.0,0.0,0.0,0.5600188970565796,0.0,0.0,-1.0624127405355734,-0.002206970449141858,-0.029058581701354003,0.6647208123941937,0.20771759534405898,-0.01086348051773367,0.0004984216942955991,-0.010896353895475568,0.0,0.0,0.0,0.0,0.0,0.0,0.0,0.0,0.0,0.0,0.0,0.0,-0.08583437651395798,-0.025183768942952156,-0.010352441109716892
0.0,0.0,0.0,LoadPallet,False,autonomous,False,0.0,0.0,0.0,0.0,0.0,0.0,0.0,-1,N/A,0.0,0.0,N/A,-1,N/A,0.0,0.0,N/A,-1,N/A,0.0,0.0,N/A,-1,N/A,0.0,0.0,N/A,-1,N/A,0.0,0.0,N/A,slot0,full,-6.608479964440088,0.13366449356369628,europalette_0,0,0,0,0,0,0,0,0,0,0,0,0,0,0,0,0,0,0,0.0,0.0,0.0,0.0,0.0,0.0,0.0,0.0,0.0,0.0,0.0,0.6000000238418579,0.0,0.0,0.0,0.0,0.0,0.5600188970565796,0.0,0.0,-1.0624132307908876,-0.0022042984981218913,-0.029059271937371012,0.6649756927785972,0.20771886087392794,-0.010854193750900798,0.0004921055936081009,-0.010896048721540395,0.0,0.0,0.0,0.0,0.0,0.0,0.0,0.0,0.0,0.0,0.0,0.0,-0.08583437651395798,-0.025183768942952156,-0.010352441109716892
0.0,0.0,0.0,LoadPallet,False,autonomous,False,0.0,0.0,0.0,0.0,0.0,0.0,0.0,-1,N/A,0.0,0.0,N/A,-1,N/A,0.0,0.0,N/A,-1,N/A,0.0,0.0,N/A,-1,N/A,0.0,0.0,N/A,-1,N/A,0.0,0.0,N/A,slot0,full,-6.608479964440088,0.13366449356369628,europalette_0,0,0,0,0,0,0,0,0,0,0,0,0,0,0,0,0,0,0,0.0,0.0,0.0,0.0,0.0,0.0,0.0,0.0,0.0,0.0,0.0,0.6000000238418579,0.0,0.0,0.0,0.0,0.0,0.5600188970565796,0.0,0.0,-1.0624127616124612,-0.0022072665681826323,-0.029058272860194995,0.6647389824107108,0.20771988874395084,-0.010845019728200178,0.0004448641672967538,-0.01089574043816148,0.0,0.0,0.0,0.0,0.0,0.0,0.0,0.0,0.0,0.0,0.0,0.0,-0.08583437651395798,-0.025183768942952156,-0.010352441109716892
0.0,0.0,0.0,LoadPallet,False,autonomous,False,0.0,0.0,0.0,0.0,0.0,0.0,0.0,-1,N/A,0.0,0.0,N/A,-1,N/A,0.0,0.0,N/A,-1,N/A,0.0,0.0,N/A,-1,N/A,0.0,0.0,N/A,-1,N/A,0.0,0.0,N/A,slot0,full,-6.608479964440088,0.13366449356369628,europalette_0,0,0,0,0,0,0,0,0,0,0,0,0,0,0,0,0,0,0,0.0,0.0,0.0,0.0,0.0,0.0,0.0,0.0,0.0,0.0,0.0,0.6000000238418579,0.0,0.0,0.0,0.0,0.0,0.5600188970565796,0.0,0.0,-1.0624131467513638,-0.0022048441017894355,-0.02905888380457347,0.665010990668577,0.2077207339647129,-0.010835790387910826,0.0004983302836062429,-0.010895429678075339,0.0,0.0,0.0,0.0,0.0,0.0,0.0,0.0,0.0,0.0,0.0,0.0,-0.08583437651395798,-0.025183768942952156,-0.010352441109716892
0.0,0.0,0.0,LoadPallet,False,autonomous,False,0.0,0.0,0.0,0.0,0.0,0.0,0.0,-1,N/A,0.0,0.0,N/A,-1,N/A,0.0,0.0,N/A,-1,N/A,0.0,0.0,N/A,-1,N/A,0.0,0.0,N/A,-1,N/A,0.0,0.0,N/A,slot0,full,-6.608479964440088,0.13366449356369628,europalette_0,0,0,0,0,0,0,0,0,0,0,0,0,0,0,0,0,0,0,0.0,0.0,0.0,0.0,0.0,0.0,0.0,0.0,0.0,0.0,0.0,0.6000000238418579,0.0,0.0,0.0,0.0,0.0,0.5600188970565796,0.0,0.0,-1.0624128094835235,-0.00220569823477499,-0.029058031564295206,0.6649444719836595,0.2077216376372381,-0.010828684063237226,0.00029724460789150786,-0.010895121444560436,0.0,0.0,0.0,0.0,0.0,0.0,0.0,0.0,0.0,0.0,0.0,0.0,-0.08583437651395798,-0.025183768942952156,-0.010352441109716892
0.0,0.0,0.0,LoadPallet,False,autonomous,False,0.0,0.0,0.0,0.0,0.0,0.0,0.0,-1,N/A,0.0,0.0,N/A,-1,N/A,0.0,0.0,N/A,-1,N/A,0.0,0.0,N/A,-1,N/A,0.0,0.0,N/A,-1,N/A,0.0,0.0,N/A,slot0,full,-6.608479964440088,0.13366449356369628,europalette_0,0,0,0,0,0,0,0,0,0,0,0,0,0,0,0,0,0,0,0.0,0.0,0.0,0.0,0.0,0.0,0.0,0.0,0.0,0.0,0.0,0.6000000238418579,0.0,0.0,0.0,0.0,0.0,0.5600188970565796,0.0,0.0,-1.0624134034143835,-0.002204624532925168,-0.02905945321752962,0.6651225563674927,0.20772254352619604,-0.010823305703336672,0.00028304066464182603,-0.01089481545772817,0.0,0.0,0.0,0.0,0.0,0.0,0.0,0.0,0.0,0.0,0.0,0.0,-0.08583437651395798,-0.025183768942952156,-0.010352441109716892
0.0,0.0,0.0,LoadPallet,False,autonomous,False,0.0,0.0,0.0,0.0,0.0,0.0,0.0,-1,N/A,0.0,0.0,N/A,-1,N/A,0.0,0.0,N/A,-1,N/A,0.0,0.0,N/A,-1,N/A,0.0,0.0,N/A,-1,N/A,0.0,0.0,N/A,slot0,full,-6.608479964440088,0.13366449356369628,europalette_0,0,0,0,0,0,0,0,0,0,0,0,0,0,0,0,0,0,0,0.0,0.0,0.0,0.0,0.0,0.0,0.0,0.0,0.0,0.0,0.0,0.6000000238418579,0.0,0.0,0.0,0.0,0.0,0.5600188970565796,0.0,0.0,-1.062412875438091,-0.0022066260949518586,-0.02905849290696219,0.6649738537389567,0.20772355439432288,-0.010817617970336535,0.0002820310344075393,-0.010894509661359545,0.0,0.0,0.0,0.0,0.0,0.0,0.0,0.0,0.0,0.0,0.0,0.0,-0.08583437651395798,-0.025183768942952156,-0.010352441109716892
0.0,0.0,0.0,LoadPallet,False,autonomous,False,0.0,0.0,0.0,0.0,0.0,0.0,0.0,-1,N/A,0.0,0.0,N/A,-1,N/A,0.0,0.0,N/A,-1,N/A,0.0,0.0,N/A,-1,N/A,0.0,0.0,N/A,-1,N/A,0.0,0.0,N/A,slot0,full,-6.608479964440088,0.13366449356369628,europalette_0,0,0,0,0,0,0,0,0,0,0,0,0,0,0,0,0,0,0,0.0,0.0,0.0,0.0,0.0,0.0,0.0,0.0,0.0,0.0,0.0,0.6000000238418579,0.0,0.0,0.0,0.0,0.0,0.5600188970565796,0.0,0.0,-1.0624133817572616,-0.0022055318232873863,-0.029059441561434418,0.6651270512219298,0.20772454974693896,-0.010811881371978416,0.00028314245408817343,-0.010894203932349918,0.0,0.0,0.0,0.0,0.0,0.0,0.0,0.0,0.0,0.0,0.0,0.0,-0.08583437651395798,-0.025183768942952156,-0.010352441109716892
0.0,0.0,0.0,LoadPallet,False,autonomous,False,0.0,0.0,0.0,0.0,0.0,0.0,0.0,-1,N/A,0.0,0.0,N/A,-1,N/A,0.0,0.0,N/A,-1,N/A,0.0,0.0,N/A,-1,N/A,0.0,0.0,N/A,-1,N/A,0.0,0.0,N/A,slot0,full,-6.608479964440088,0.13366449356369628,europalette_0,0,0,0,0,0,0,0,0,0,0,0,0,0,0,0,0,0,0,0.0,0.0,0.0,0.0,0.0,0.0,0.0,0.0,0.0,0.0,0.0,0.6000000238418579,0.0,0.0,0.0,0.0,0.0,0.5600188970565796,0.0,0.0,-1.0624128844743632,-0.00220759281220409,-0.02905849798296395,0.6649756737484438,0.20772554769540363,-0.010806139394228254,0.0002819909314477462,-0.010893898228076354,0.0,0.0,0.0,0.0,0.0,0.0,0.0,0.0,0.0,0.0,0.0,0.0,-0.08583437651395798,-0.025183768942952156,-0.010352441109716892
0.0,0.0,0.0,LoadPallet,False,autonomous,False,0.0,0.0,0.0,0.0,0.0,0.0,0.0,-1,N/A,0.0,0.0,N/A,-1,N/A,0.0,0.0,N/A,-1,N/A,0.0,0.0,N/A,-1,N/A,0.0,0.0,N/A,-1,N/A,0.0,0.0,N/A,slot0,full,-6.608479964440088,0.13366449356369628,europalette_0,0,0,0,0,0,0,0,0,0,0,0,0,0,0,0,0,0,0,0.0,0.0,0.0,0.0,0.0,0.0,0.0,0.0,0.0,0.0,0.0,0.6000000238418579,0.0,0.0,0.0,0.0,0.0,0.5600188970565796,0.0,0.0,-1.062413102727874,-0.0022075585275834614,-0.02905894753921645,0.6650510008110189,0.207727043541545,-0.010800404420263199,0.00030635118535420037,-0.010893592522749082,0.0,0.0,0.0,0.0,0.0,0.0,0.0,0.0,0.0,0.0,0.0,0.0,-0.08583437651395798,-0.025183768942952156,-0.010352441109716892
0.0,0.0,0.0,LoadPallet,False,autonomous,False,0.0,0.0,0.0,0.0,0.0,0.0,0.0,-1,N/A,0.0,0.0,N/A,-1,N/A,0.0,0.0,N/A,-1,N/A,0.0,0.0,N/A,-1,N/A,0.0,0.0,N/A,-1,N/A,0.0,0.0,N/A,slot0,full,-6.608479964440088,0.13366449356369628,europalette_0,0,0,0,0,0,0,0,0,0,0,0,0,0,0,0,0,0,0,0.0,0.0,0.0,0.0,0.0,0.0,0.0,0.0,0.0,0.0,0.0,0.6000000238418579,0.0,0.0,0.0,0.0,0.0,0.5600188970565796,0.0,0.0,-1.0624126179254412,-0.0022096152877997127,-0.029057996744691644,0.6648998670578123,0.20772804049618598,-0.010794697536033127,0.0003053662003452866,-0.010893286813044634,0.0,0.0,0.0,0.0,0.0,0.0,0.0,0.0,0.0,0.0,0.0,0.0,-0.08583437651395798,-0.025183768942952156,-0.010352441109716892
0.0,0.0,0.0,LoadPallet,False,autonomous,False,0.0,0.0,0.0,0.0,0.0,0.0,0.0,-1,N/A,0.0,0.0,N/A,-1,N/A,0.0,0.0,N/A,-1,N/A,0.0,0.0,N/A,-1,N/A,0.0,0.0,N/A,-1,N/A,0.0,0.0,N/A,slot0,full,-6.608479964440088,0.13366449356369628,europalette_0,0,0,0,0,0,0,0,0,0,0,0,0,0,0,0,0,0,0,0.0,0.05000000074505806,0.0,-0.014743437059223652,0.0,0.0,0.0,0.0,0.0,0.0,0.0,0.6000000238418579,0.0,0.0,0.0,0.0,0.0,0.5600188970565796,0.0,0.0,-1.0624130800307827,-0.002208495580338539,-0.029058951816232026,0.6650539446450807,0.20772903723467798,-0.01078897047685512,0.00030564332288350994,-0.010892981101758972,0.0,0.0,0.0,0.0,0.0,0.0,0.0,0.0,0.0,0.0,0.0,0.0,-0.08583437651395798,-0.025183768942952156,-0.010352441109716892
0.0,0.0,0.0,LoadPallet,False,autonomous,False,0.0,0.0,0.0,0.0,0.0,0.0,0.0,-1,N/A,0.0,0.0,N/A,-1,N/A,0.0,0.0,N/A,-1,N/A,0.0,0.0,N/A,-1,N/A,0.0,0.0,N/A,-1,N/A,0.0,0.0,N/A,slot0,full,-6.608479964440088,0.13366449356369628,europalette_0,0,0,0,0,0,0,0,0,0,0,0,0,0,0,0,0,0,0,0.0,0.05000000074505806,0.0,-0.014743437059223652,0.0,0.0,0.0,0.0,0.0,-0.014743437059223652,0.0,0.6000000238418579,0.0,0.0,0.0,0.0,0.0,0.5600188970565796,-0.010783235542476177,0.0,-1.0624128505803374,-0.002209481705001213,-0.029058499712808494,0.6649824012691852,0.20772953557416468,-0.01078323598835862,0.0002815772970963524,-0.01089267538483863,0.0,0.0,0.0,0.0,0.0,0.0,0.0,0.0,0.0,0.0,0.0,0.0,-0.08583437651395798,-0.025183768942952156,-0.010352441109716892
