Date,Time,MSec from start,Mission,Emergency Stop,Operating Mode,Dead mans switch,Machine Hours,GPSLat,GPSLong,GPSOrientation,Speed,x_map,y_map,object_id_1,state_object_1,x_object_1,y_object_1,loaded_slot_id_1,object_id_2,state_object_2,x_object_2,y_object_2,loaded_slot_id_2,object_id_3,state_object_3,x_object_3,y_object_3,loaded_slot_id_3,object_id_4,state_object_4,x_object_4,y_object_4,loaded_slot_id_4,object_id_5,state_object_5,x_object_5,y_object_5,loaded_slot_id_5,slot_id_1,state_slot_1,x_slot_1,y_slot_1,planned_object_id_1,slot_id_2,state_slot_2,x_slot_2,y_slot_2,planned_object_id_2,slot_id_3,state_slot_3,x_slot_3,y_slot_3,planned_object_id_3,slot_id_4,state_slot_4,x_slot_4,y_slot_4,planned_object_id_4,data_error,param_error,is_connected,c_drive,c_lift,c_shift,c_steer,c_steer_rate,c_tilt,c_drive_pos_ref,c_lift_pos_ref,c_shift_pos_ref,c_steer_pos_ref,c_tilt_pos_ref,c_drive_vel_ref,c_lift_vel_ref,c_shift_vel_ref,c_steer_vel_ref,c_tilt_vel_ref,c_shift_pos,c_drive_vel,c_steer_pos,c_steer_vel,x_rel,y_rel,z_rel,theta_rel,z_pallet,steering_pos,steering_rate,shift_pos,object_pallet_x,object_pallet_y,object_pallet_z,object_pallet_roll,object_pallet_pitch,object_pallet_yaw,object_crayler_x,object_crayler_y,object_crayler_z,object_crayler_roll,object_crayler_pitch,object_crayler_yaw,x_error,y_error,theta_error
2025-07-16,05:13:54.211705,13120.71132659912,LoadPallet,False,autonomous,False,0.0,0.0,0.0,0.0,-1.0250277083872157,30.48512752864221,30.48512752864221,-1,,0.0,0.0,,-1,,0.0,0.0,,-1,,0.0,0.0,,-1,,0.0,0.0,,-1,,0.0,0.0,,ground_5_frame_0,empty,32.107235100960274,-21.59114954858036,,0.0,0.0,0.0,0.0,0.0,0.0,0.0,0.0,0.0,0.0,0.0,0.0,0.0,0.0,0.0,0,0,0,-0.284721521584045,0.0934315467,0.002,0.0317590609192848,0.0,0.1650787740945816,0.0,0.0,0.0,0.0,0.0,0.0,0.0,0.0,0.0,0.0,0.0,0.0,0.0,0.0,-1.0573183120187863,0.0854907905545729,0.0317511482928521,-5.440222823658814,0.0625161784851551,0.0317590609192848,0.0124006867408752,0.0,0.0,0.0,0.0,0.0,0.0,0.0,0.0,0.0,0.0,0.0,0.0,0.0,0.0,0.0,0.0
2025-07-16,05:13:54.251040,13160.046100616457,LoadPallet,False,autonomous,False,0.0,0.0,0.0,0.0,-0.6514465854662381,30.498596741831165,30.498596741831165,-1,,0.0,0.0,,-1,,0.0,0.0,,-1,,0.0,0.0,,-1,,0.0,0.0,,-1,,0.0,0.0,,ground_5_frame_0,empty,32.107235100960274,-21.59114954858036,,0.0,0.0,0.0,0.0,0.0,0.0,0.0,0.0,0.0,0.0,0.0,0.0,0.0,0.0,0.0,0,0,0,-0.1809520479563568,0.0934315467,0.002,0.0320806801319122,0.0,0.1648463755846023,0.0,0.0,0.0,0.0,0.0,0.0,0.0,0.0,0.0,0.0,0.0,0.0,0.0,0.0,-1.057313486951173,0.0854063430668023,0.0318350586961813,-5.440590161625948,0.0626009287005167,0.0320806801319122,0.0093584656715393,0.0,0.0,0.0,0.0,0.0,0.0,0.0,0.0,0.0,0.0,0.0,0.0,0.0,0.0,0.0,0.0
2025-07-16,05:13:54.336763,13245.769262313845,LoadPallet,False,autonomous,False,0.0,0.0,0.0,0.0,0.0,30.505690814796434,30.505690814796434,-1,,0.0,0.0,,-1,,0.0,0.0,,-1,,0.0,0.0,,-1,,0.0,0.0,,-1,,0.0,0.0,,ground_5_frame_0,empty,32.107235100960274,-21.59114954858036,,0.0,0.0,0.0,0.0,0.0,0.0,0.0,0.0,0.0,0.0,0.0,0.0,0.0,0.0,0.0,0,0,0,0.0,0.0934315467,0.002,0.0320691540837287,0.0,0.1652525067329406,0.0,0.0,0.0,0.0,0.0,0.0,0.0,0.0,0.0,0.0,0.0,0.0,0.0,0.0,-1.0888887485234733,0.0831795266960711,0.0317286140436335,-5.461158494800543,0.0626882020373231,0.0320691540837287,0.0005258917808532,0.0,0.0,0.0,0.0,0.0,0.0,0.0,0.0,0.0,0.0,0.0,0.0,0.0,0.0,0.0,0.0
2025-07-16,05:13:54.410981,13319.987058639526,LoadPallet,False,autonomous,False,0.0,0.0,0.0,0.0,0.0,30.508103864807737,30.508103864807737,-1,,0.0,0.0,,-1,,0.0,0.0,,-1,,0.0,0.0,,-1,,0.0,0.0,,-1,,0.0,0.0,,ground_5_frame_0,empty,32.107235100960274,-21.59114954858036,,0.0,0.0,0.0,0.0,0.0,0.0,0.0,0.0,0.0,0.0,0.0,0.0,0.0,0.0,0.0,0,0,0,0.0,0.0934315467,0.002,0.0317581184208393,0.0,0.1654810756444931,0.0,0.0,0.0,0.0,0.0,0.0,0.0,0.0,0.0,0.0,0.0,0.0,0.0,0.0,-1.0925517444133277,0.0838317967535893,0.031757296476471,-5.435465691625154,0.0627192145679183,0.0317581184208393,-0.0119519233703613,0.0,0.0,0.0,0.0,0.0,0.0,0.0,0.0,0.0,0.0,0.0,0.0,0.0,0.0,0.0,0.0
2025-07-16,05:13:54.450924,13359.930276870728,LoadPallet,False,autonomous,False,0.0,0.0,0.0,0.0,-0.0678711046300533,30.49693138766532,30.49693138766532,-1,,0.0,0.0,,-1,,0.0,0.0,,-1,,0.0,0.0,,-1,,0.0,0.0,,-1,,0.0,0.0,,ground_5_frame_0,empty,32.107235100960274,-21.59114954858036,,0.0,0.0,0.0,0.0,0.0,0.0,0.0,0.0,0.0,0.0,0.0,0.0,0.0,0.0,0.0,0,0,0,-0.0188525285938501,0.0954442467,0.002,0.0317779555916786,0.0,0.1650669872760772,0.0,0.0,0.0,0.0,0.0,0.0,0.0,0.0,0.0,0.0,0.0,0.0,0.0,0.0,-1.0924180827273844,0.0831659457869093,0.0318412330717144,-5.441499609043831,0.0628098671480639,0.0317779555916786,0.0004550814628601,0.0,0.0,0.0,0.0,0.0,0.0,0.0,0.0,0.0,0.0,0.0,0.0,0.0,0.0,0.0,0.0
2025-07-16,05:13:54.450924,13359.930276870728,LoadPallet,False,autonomous,False,0.0,0.0,0.0,0.0,-0.0678711046300533,30.49693138766532,30.49693138766532,-1,,0.0,0.0,,-1,,0.0,0.0,,-1,,0.0,0.0,,-1,,0.0,0.0,,-1,,0.0,0.0,,ground_5_frame_0,empty,32.107235100960274,-21.59114954858036,,0.0,0.0,0.0,0.0,0.0,0.0,0.0,0.0,0.0,0.0,0.0,0.0,0.0,0.0,0.0,0,0,0,-0.0188525285938501,0.0954442467,0.002,0.0317779555916786,0.0,0.1650669872760772,0.0,0.0,0.0,0.0,0.0,0.0,0.0,0.0,0.0,0.0,0.0,0.0,0.0,0.0,-1.0759729251291077,0.0833114427018522,0.0318633385597355,-5.464218639144576,0.0628098671480639,0.0317779555916786,0.0004550814628601,0.0,0.0,0.0,0.0,0.0,0.0,0.0,0.0,0.0,0.0,0.0,0.0,0.0,0.0,0.0,0.0
2025-07-16,05:13:54.450924,13359.930276870728,LoadPallet,False,autonomous,False,0.0,0.0,0.0,0.0,-0.0678711046300533,30.49693138766532,30.49693138766532,-1,,0.0,0.0,,-1,,0.0,0.0,,-1,,0.0,0.0,,-1,,0.0,0.0,,-1,,0.0,0.0,,ground_5_frame_0,empty,32.107235100960274,-21.59114954858036,,0.0,0.0,0.0,0.0,0.0,0.0,0.0,0.0,0.0,0.0,0.0,0.0,0.0,0.0,0.0,0,0,0,-0.0188525285938501,0.0954442467,0.002,0.0317779555916786,0.0,0.1650669872760772,0.0,0.0,0.0,0.0,0.0,0.0,0.0,0.0,0.0,0.0,0.0,0.0,0.0,0.0,-1.0759729251291077,0.0833114427018522,0.0318633385597355,-5.464218639144576,0.0628098671480639,0.0317779555916786,0.0004550814628601,0.0,0.0,0.0,0.0,0.0,0.0,0.0,0.0,0.0,0.0,0.0,0.0,0.0,0.0,0.0,0.0
2025-07-16,05:13:54.450924,13359.930276870728,LoadPallet,False,autonomous,False,0.0,0.0,0.0,0.0,-0.0678711046300533,30.49693138766532,30.49693138766532,-1,,0.0,0.0,,-1,,0.0,0.0,,-1,,0.0,0.0,,-1,,0.0,0.0,,-1,,0.0,0.0,,ground_5_frame_0,empty,32.107235100960274,-21.59114954858036,,0.0,0.0,0.0,0.0,0.0,0.0,0.0,0.0,0.0,0.0,0.0,0.0,0.0,0.0,0.0,0,0,0,-0.0188525285938501,0.0954442467,0.002,0.0317779555916786,0.0,0.1650669872760772,0.0,0.0,0.0,0.0,0.0,0.0,0.0,0.0,0.0,0.0,0.0,0.0,0.0,0.0,-1.0759729251291077,0.0833114427018522,0.0318633385597355,-5.464218639144576,0.0628098671480639,0.0317779555916786,0.0004550814628601,0.0,0.0,0.0,0.0,0.0,0.0,0.0,0.0,0.0,0.0,0.0,0.0,0.0,0.0,0.0,0.0
2025-07-16,05:13:54.491018,13400.023937225342,LoadPallet,False,autonomous,False,0.0,0.0,0.0,0.0,-0.1450237278419942,30.49693138766532,30.49693138766532,-1,,0.0,0.0,,-1,,0.0,0.0,,-1,,0.0,0.0,,-1,,0.0,0.0,,-1,,0.0,0.0,,ground_5_frame_0,empty,32.107235100960274,-21.59114954858036,,0.0,0.0,0.0,0.0,0.0,0.0,0.0,0.0,0.0,0.0,0.0,0.0,0.0,0.0,0.0,0,0,0,-0.0402831807560901,0.0954442467,0.002,0.0320608355104923,0.0,0.164859190583229,0.0,0.0,0.0,0.0,0.0,0.0,0.0,0.0,0.0,0.0,0.0,0.0,0.0,0.0,-1.0759736543688447,0.0831962760420701,0.0318409448614167,-5.464785045906638,0.0627884758511009,0.0320608355104923,0.002340018749237,0.0,0.0,0.0,0.0,0.0,0.0,0.0,0.0,0.0,0.0,0.0,0.0,0.0,0.0,0.0,0.0
2025-07-16,05:13:54.491018,13400.023937225342,LoadPallet,False,autonomous,False,0.0,0.0,0.0,0.0,-0.1450237278419942,30.501405515433785,30.501405515433785,-1,,0.0,0.0,,-1,,0.0,0.0,,-1,,0.0,0.0,,-1,,0.0,0.0,,-1,,0.0,0.0,,ground_5_frame_0,empty,32.107235100960274,-21.59114954858036,,0.0,0.0,0.0,0.0,0.0,0.0,0.0,0.0,0.0,0.0,0.0,0.0,0.0,0.0,0.0,0,0,0,-0.0402831807560901,0.0954442467,0.002,0.0320608355104923,0.0,0.164859190583229,0.0,0.0,0.0,0.0,0.0,0.0,0.0,0.0,0.0,0.0,0.0,0.0,0.0,0.0,-1.0759736543688447,0.0831962760420701,0.0318409448614167,-5.464785045906638,0.0627884758511009,0.0320608355104923,0.002340018749237,0.0,0.0,0.0,0.0,0.0,0.0,0.0,0.0,0.0,0.0,0.0,0.0,0.0,0.0,0.0,0.0
2025-07-16,05:13:54.491018,13400.023937225342,LoadPallet,False,autonomous,False,0.0,0.0,0.0,0.0,-0.1450237278419942,30.501405515433785,30.501405515433785,-1,,0.0,0.0,,-1,,0.0,0.0,,-1,,0.0,0.0,,-1,,0.0,0.0,,-1,,0.0,0.0,,ground_5_frame_0,empty,32.107235100960274,-21.59114954858036,,0.0,0.0,0.0,0.0,0.0,0.0,0.0,0.0,0.0,0.0,0.0,0.0,0.0,0.0,0.0,0,0,0,-0.0402831807560901,0.0954442467,0.002,0.0320608355104923,0.0,0.164859190583229,0.0,0.0,0.0,0.0,0.0,0.0,0.0,0.0,0.0,0.0,0.0,0.0,0.0,0.0,-1.0759736543688447,0.0831962760420701,0.0318409448614167,-5.464785045906638,0.0627884758511009,0.0320608355104923,0.002340018749237,0.0,0.0,0.0,0.0,0.0,0.0,0.0,0.0,0.0,0.0,0.0,0.0,0.0,0.0,0.0,0.0
2025-07-16,05:13:54.491018,13400.023937225342,LoadPallet,False,autonomous,False,0.0,0.0,0.0,0.0,-0.1450237278419942,30.501405515433785,30.501405515433785,-1,,0.0,0.0,,-1,,0.0,0.0,,-1,,0.0,0.0,,-1,,0.0,0.0,,-1,,0.0,0.0,,ground_5_frame_0,empty,32.107235100960274,-21.59114954858036,,0.0,0.0,0.0,0.0,0.0,0.0,0.0,0.0,0.0,0.0,0.0,0.0,0.0,0.0,0.0,0,0,0,-0.0402831807560901,0.0954442467,0.002,0.0320608355104923,0.0,0.164859190583229,0.0,0.0,0.0,0.0,0.0,0.0,0.0,0.0,0.0,0.0,0.0,0.0,0.0,0.0,-1.0825971714589997,0.0836249582623196,0.0296494010994098,-5.446301077258283,0.0627884758511009,0.0320608355104923,0.002340018749237,0.0,0.0,0.0,0.0,0.0,0.0,0.0,0.0,0.0,0.0,0.0,0.0,0.0,0.0,0.0,0.0
2025-07-16,05:13:54.611645,13520.651578903198,LoadPallet,False,autonomous,False,0.0,0.0,0.0,0.0,0.0,30.495545312063047,30.495545312063047,-1,,0.0,0.0,,-1,,0.0,0.0,,-1,,0.0,0.0,,-1,,0.0,0.0,,-1,,0.0,0.0,,ground_5_frame_0,empty,32.107235100960274,-21.59114954858036,,0.0,0.0,0.0,0.0,0.0,0.0,0.0,0.0,0.0,0.0,0.0,0.0,0.0,0.0,0.0,0,0,0,0.0,0.0934315467,0.002,0.0320702381432056,0.0,0.1648530811071396,0.0,0.0,0.0,0.0,0.0,0.0,0.0,0.0,0.0,0.0,0.0,0.0,0.0,0.0,-1.0742202063734254,0.0833670360599079,0.0315118763626154,-5.438946150370271,0.062833570760841,0.0320702381432056,0.0006009936332702,0.0,0.0,0.0,0.0,0.0,0.0,0.0,0.0,0.0,0.0,0.0,0.0,0.0,0.0,0.0,0.0
2025-07-16,05:13:54.611645,13520.651578903198,LoadPallet,False,autonomous,False,0.0,0.0,0.0,0.0,0.0,30.495545312063047,30.495545312063047,-1,,0.0,0.0,,-1,,0.0,0.0,,-1,,0.0,0.0,,-1,,0.0,0.0,,-1,,0.0,0.0,,ground_5_frame_0,empty,32.107235100960274,-21.59114954858036,,0.0,0.0,0.0,0.0,0.0,0.0,0.0,0.0,0.0,0.0,0.0,0.0,0.0,0.0,0.0,0,0,0,0.0,0.0934315467,0.002,0.0320702381432056,0.0,0.1648530811071396,0.0,0.0,0.0,0.0,0.0,0.0,0.0,0.0,0.0,0.0,0.0,0.0,0.0,0.0,-1.0742202063734254,0.0833670360599079,0.0315118763626154,-5.438946150370271,0.062833570760841,0.0320702381432056,0.0006009936332702,0.0,0.0,0.0,0.0,0.0,0.0,0.0,0.0,0.0,0.0,0.0,0.0,0.0,0.0,0.0,0.0
2025-07-16,05:13:54.611645,13520.651578903198,LoadPallet,False,autonomous,False,0.0,0.0,0.0,0.0,0.0,30.495545312063047,30.495545312063047,-1,,0.0,0.0,,-1,,0.0,0.0,,-1,,0.0,0.0,,-1,,0.0,0.0,,-1,,0.0,0.0,,ground_5_frame_0,empty,32.107235100960274,-21.59114954858036,,0.0,0.0,0.0,0.0,0.0,0.0,0.0,0.0,0.0,0.0,0.0,0.0,0.0,0.0,0.0,0,0,0,0.0,0.0934315467,0.002,0.0320702381432056,0.0,0.1648530811071396,0.0,0.0,0.0,0.0,0.0,0.0,0.0,0.0,0.0,0.0,0.0,0.0,0.0,0.0,-1.0742202063734254,0.0833670360599079,0.0315118763626154,-5.438946150370271,0.062833570760841,0.0320702381432056,0.0006009936332702,0.0,0.0,0.0,0.0,0.0,0.0,0.0,0.0,0.0,0.0,0.0,0.0,0.0,0.0,0.0,0.0
2025-07-16,05:13:54.611645,13520.651578903198,LoadPallet,False,autonomous,False,0.0,0.0,0.0,0.0,0.0,30.495545312063047,30.495545312063047,-1,,0.0,0.0,,-1,,0.0,0.0,,-1,,0.0,0.0,,-1,,0.0,0.0,,-1,,0.0,0.0,,ground_5_frame_0,empty,32.107235100960274,-21.59114954858036,,0.0,0.0,0.0,0.0,0.0,0.0,0.0,0.0,0.0,0.0,0.0,0.0,0.0,0.0,0.0,0,0,0,0.0,0.0934315467,0.002,0.0320702381432056,0.0,0.1648530811071396,0.0,0.0,0.0,0.0,0.0,0.0,0.0,0.0,0.0,0.0,0.0,0.0,0.0,0.0,-1.0742202063734254,0.0833670360599079,0.0315118763626154,-5.438946150370271,0.062833570760841,0.0320702381432056,0.0006009936332702,0.0,0.0,0.0,0.0,0.0,0.0,0.0,0.0,0.0,0.0,0.0,0.0,0.0,0.0,0.0,0.0
2025-07-16,05:13:54.611645,13520.651578903198,LoadPallet,False,autonomous,False,0.0,0.0,0.0,0.0,0.0,30.495545312063047,30.495545312063047,-1,,0.0,0.0,,-1,,0.0,0.0,,-1,,0.0,0.0,,-1,,0.0,0.0,,-1,,0.0,0.0,,ground_5_frame_0,empty,32.107235100960274,-21.59114954858036,,0.0,0.0,0.0,0.0,0.0,0.0,0.0,0.0,0.0,0.0,0.0,0.0,0.0,0.0,0.0,0,0,0,0.0,0.0934315467,0.002,0.0320702381432056,0.0,0.1648530811071396,0.0,0.0,0.0,0.0,0.0,0.0,0.0,0.0,0.0,0.0,0.0,0.0,0.0,0.0,-1.0742202063734254,0.0833670360599079,0.0315118763626154,-5.438946150370271,0.062833570760841,0.0320702381432056,0.0006009936332702,0.0,0.0,0.0,0.0,0.0,0.0,0.0,0.0,0.0,0.0,0.0,0.0,0.0,0.0,0.0,0.0
2025-07-16,05:13:54.611645,13520.651578903198,LoadPallet,False,autonomous,False,0.0,0.0,0.0,0.0,0.0,30.495545312063047,30.495545312063047,-1,,0.0,0.0,,-1,,0.0,0.0,,-1,,0.0,0.0,,-1,,0.0,0.0,,-1,,0.0,0.0,,ground_5_frame_0,empty,32.107235100960274,-21.59114954858036,,0.0,0.0,0.0,0.0,0.0,0.0,0.0,0.0,0.0,0.0,0.0,0.0,0.0,0.0,0.0,0,0,0,0.0,0.0934315467,0.002,0.0320702381432056,0.0,0.1648530811071396,0.0,0.0,0.0,0.0,0.0,0.0,0.0,0.0,0.0,0.0,0.0,0.0,0.0,0.0,-1.0742202063734254,0.0833670360599079,0.0315118763626154,-5.438946150370271,0.062833570760841,0.0320702381432056,0.0006009936332702,0.0,0.0,0.0,0.0,0.0,0.0,0.0,0.0,0.0,0.0,0.0,0.0,0.0,0.0,0.0,0.0
2025-07-16,05:13:54.611645,13520.651578903198,LoadPallet,False,autonomous,False,0.0,0.0,0.0,0.0,0.0,30.495545312063047,30.495545312063047,-1,,0.0,0.0,,-1,,0.0,0.0,,-1,,0.0,0.0,,-1,,0.0,0.0,,-1,,0.0,0.0,,ground_5_frame_0,empty,32.107235100960274,-21.59114954858036,,0.0,0.0,0.0,0.0,0.0,0.0,0.0,0.0,0.0,0.0,0.0,0.0,0.0,0.0,0.0,0,0,0,0.0,0.0934315467,0.002,0.0320702381432056,0.0,0.1648530811071396,0.0,0.0,0.0,0.0,0.0,0.0,0.0,0.0,0.0,0.0,0.0,0.0,0.0,0.0,-1.0742202063734254,0.0833670360599079,0.0315118763626154,-5.438946150370271,0.062833570760841,0.0320702381432056,0.0006009936332702,0.0,0.0,0.0,0.0,0.0,0.0,0.0,0.0,0.0,0.0,0.0,0.0,0.0,0.0,0.0,0.0
2025-07-16,05:13:54.611645,13520.651578903198,LoadPallet,False,autonomous,False,0.0,0.0,0.0,0.0,0.0,30.495545312063047,30.495545312063047,-1,,0.0,0.0,,-1,,0.0,0.0,,-1,,0.0,0.0,,-1,,0.0,0.0,,-1,,0.0,0.0,,ground_5_frame_0,empty,32.107235100960274,-21.59114954858036,,0.0,0.0,0.0,0.0,0.0,0.0,0.0,0.0,0.0,0.0,0.0,0.0,0.0,0.0,0.0,0,0,0,0.0,0.0934315467,0.002,0.0320702381432056,0.0,0.1648530811071396,0.0,0.0,0.0,0.0,0.0,0.0,0.0,0.0,0.0,0.0,0.0,0.0,0.0,0.0,-1.0742202063734254,0.0833670360599079,0.0315118763626154,-5.438946150370271,0.062833570760841,0.0320702381432056,0.0006009936332702,0.0,0.0,0.0,0.0,0.0,0.0,0.0,0.0,0.0,0.0,0.0,0.0,0.0,0.0,0.0,0.0
2025-07-16,05:13:54.611645,13520.651578903198,LoadPallet,False,autonomous,False,0.0,0.0,0.0,0.0,0.0,30.495545312063047,30.495545312063047,-1,,0.0,0.0,,-1,,0.0,0.0,,-1,,0.0,0.0,,-1,,0.0,0.0,,-1,,0.0,0.0,,ground_5_frame_0,empty,32.107235100960274,-21.59114954858036,,0.0,0.0,0.0,0.0,0.0,0.0,0.0,0.0,0.0,0.0,0.0,0.0,0.0,0.0,0.0,0,0,0,0.0,0.0934315467,0.002,0.0320702381432056,0.0,0.1648530811071396,0.0,0.0,0.0,0.0,0.0,0.0,0.0,0.0,0.0,0.0,0.0,0.0,0.0,0.0,-1.0742202063734254,0.0833670360599079,0.0315118763626154,-5.438946150370271,0.062833570760841,0.0320702381432056,0.0006009936332702,0.0,0.0,0.0,0.0,0.0,0.0,0.0,0.0,0.0,0.0,0.0,0.0,0.0,0.0,0.0,0.0
2025-07-16,05:13:54.611645,13520.651578903198,LoadPallet,False,autonomous,False,0.0,0.0,0.0,0.0,0.0,30.495545312063047,30.495545312063047,-1,,0.0,0.0,,-1,,0.0,0.0,,-1,,0.0,0.0,,-1,,0.0,0.0,,-1,,0.0,0.0,,ground_5_frame_0,empty,32.107235100960274,-21.59114954858036,,0.0,0.0,0.0,0.0,0.0,0.0,0.0,0.0,0.0,0.0,0.0,0.0,0.0,0.0,0.0,0,0,0,0.0,0.0934315467,0.002,0.0320702381432056,0.0,0.1648530811071396,0.0,0.0,0.0,0.0,0.0,0.0,0.0,0.0,0.0,0.0,0.0,0.0,0.0,0.0,-1.0742202063734254,0.0833670360599079,0.0315118763626154,-5.438946150370271,0.062833570760841,0.0320702381432056,0.0006009936332702,0.0,0.0,0.0,0.0,0.0,0.0,0.0,0.0,0.0,0.0,0.0,0.0,0.0,0.0,0.0,0.0
2025-07-16,05:13:54.611645,13520.651578903198,LoadPallet,False,autonomous,False,0.0,0.0,0.0,0.0,0.0,30.495545312063047,30.495545312063047,-1,,0.0,0.0,,-1,,0.0,0.0,,-1,,0.0,0.0,,-1,,0.0,0.0,,-1,,0.0,0.0,,ground_5_frame_0,empty,32.107235100960274,-21.59114954858036,,0.0,0.0,0.0,0.0,0.0,0.0,0.0,0.0,0.0,0.0,0.0,0.0,0.0,0.0,0.0,0,0,0,0.0,0.0934315467,0.002,0.0320702381432056,0.0,0.1648530811071396,0.0,0.0,0.0,0.0,0.0,0.0,0.0,0.0,0.0,0.0,0.0,0.0,0.0,0.0,-1.0742202063734254,0.0833670360599079,0.0315118763626154,-5.438946150370271,0.062833570760841,0.0320702381432056,0.0006009936332702,0.0,0.0,0.0,0.0,0.0,0.0,0.0,0.0,0.0,0.0,0.0,0.0,0.0,0.0,0.0,0.0
2025-07-16,05:13:54.611645,13520.651578903198,LoadPallet,False,autonomous,False,0.0,0.0,0.0,0.0,0.0,30.495545312063047,30.495545312063047,-1,,0.0,0.0,,-1,,0.0,0.0,,-1,,0.0,0.0,,-1,,0.0,0.0,,-1,,0.0,0.0,,ground_5_frame_0,empty,32.107235100960274,-21.59114954858036,,0.0,0.0,0.0,0.0,0.0,0.0,0.0,0.0,0.0,0.0,0.0,0.0,0.0,0.0,0.0,0,0,0,0.0,0.0934315467,0.002,0.0320702381432056,0.0,0.1648530811071396,0.0,0.0,0.0,0.0,0.0,0.0,0.0,0.0,0.0,0.0,0.0,0.0,0.0,0.0,-1.0742202063734254,0.0833670360599079,0.0315118763626154,-5.438946150370271,0.062833570760841,0.0320702381432056,0.0006009936332702,0.0,0.0,0.0,0.0,0.0,0.0,0.0,0.0,0.0,0.0,0.0,0.0,0.0,0.0,0.0,0.0
2025-07-16,05:13:54.611645,13520.651578903198,LoadPallet,False,autonomous,False,0.0,0.0,0.0,0.0,0.0,30.495545312063047,30.495545312063047,-1,,0.0,0.0,,-1,,0.0,0.0,,-1,,0.0,0.0,,-1,,0.0,0.0,,-1,,0.0,0.0,,ground_5_frame_0,empty,32.107235100960274,-21.59114954858036,,0.0,0.0,0.0,0.0,0.0,0.0,0.0,0.0,0.0,0.0,0.0,0.0,0.0,0.0,0.0,0,0,0,0.0,0.0934315467,0.002,0.0320702381432056,0.0,0.1648530811071396,0.0,0.0,0.0,0.0,0.0,0.0,0.0,0.0,0.0,0.0,0.0,0.0,0.0,0.0,-1.0742202063734254,0.0833670360599079,0.0315118763626154,-5.438946150370271,0.062833570760841,0.0320702381432056,0.0006009936332702,0.0,0.0,0.0,0.0,0.0,0.0,0.0,0.0,0.0,0.0,0.0,0.0,0.0,0.0,0.0,0.0
2025-07-16,05:13:54.611645,13520.651578903198,LoadPallet,False,autonomous,False,0.0,0.0,0.0,0.0,0.0,30.495545312063047,30.495545312063047,-1,,0.0,0.0,,-1,,0.0,0.0,,-1,,0.0,0.0,,-1,,0.0,0.0,,-1,,0.0,0.0,,ground_5_frame_0,empty,32.107235100960274,-21.59114954858036,,0.0,0.0,0.0,0.0,0.0,0.0,0.0,0.0,0.0,0.0,0.0,0.0,0.0,0.0,0.0,0,0,0,0.0,0.0934315467,0.002,0.0320702381432056,0.0,0.1648530811071396,0.0,0.0,0.0,0.0,0.0,0.0,0.0,0.0,0.0,0.0,0.0,0.0,0.0,0.0,-1.0742202063734254,0.0833670360599079,0.0315118763626154,-5.438946150370271,0.062833570760841,0.0320702381432056,0.0006009936332702,0.0,0.0,0.0,0.0,0.0,0.0,0.0,0.0,0.0,0.0,0.0,0.0,0.0,0.0,0.0,0.0
2025-07-16,05:13:54.611645,13520.651578903198,LoadPallet,False,autonomous,False,0.0,0.0,0.0,0.0,0.0,30.495545312063047,30.495545312063047,-1,,0.0,0.0,,-1,,0.0,0.0,,-1,,0.0,0.0,,-1,,0.0,0.0,,-1,,0.0,0.0,,ground_5_frame_0,empty,32.107235100960274,-21.59114954858036,,0.0,0.0,0.0,0.0,0.0,0.0,0.0,0.0,0.0,0.0,0.0,0.0,0.0,0.0,0.0,0,0,0,0.0,0.0934315467,0.002,0.0320702381432056,0.0,0.1648530811071396,0.0,0.0,0.0,0.0,0.0,0.0,0.0,0.0,0.0,0.0,0.0,0.0,0.0,0.0,-1.0742202063734254,0.0833670360599079,0.0315118763626154,-5.438946150370271,0.062833570760841,0.0320702381432056,0.0006009936332702,0.0,0.0,0.0,0.0,0.0,0.0,0.0,0.0,0.0,0.0,0.0,0.0,0.0,0.0,0.0,0.0
2025-07-16,05:13:54.611645,13520.651578903198,LoadPallet,False,autonomous,False,0.0,0.0,0.0,0.0,0.0,30.495545312063047,30.495545312063047,-1,,0.0,0.0,,-1,,0.0,0.0,,-1,,0.0,0.0,,-1,,0.0,0.0,,-1,,0.0,0.0,,ground_5_frame_0,empty,32.107235100960274,-21.59114954858036,,0.0,0.0,0.0,0.0,0.0,0.0,0.0,0.0,0.0,0.0,0.0,0.0,0.0,0.0,0.0,0,0,0,0.0,0.0934315467,0.002,0.0320702381432056,0.0,0.1648530811071396,0.0,0.0,0.0,0.0,0.0,0.0,0.0,0.0,0.0,0.0,0.0,0.0,0.0,0.0,-1.0742856463079915,0.083520900385789,0.0314987423432803,-5.436759873766505,0.0628185672843125,0.0320702381432056,0.0006009936332702,0.0,0.0,0.0,0.0,0.0,0.0,0.0,0.0,0.0,0.0,0.0,0.0,0.0,0.0,0.0,0.0
2025-07-16,05:13:54.690933,13599.938869476318,LoadPallet,False,autonomous,False,0.0,0.0,0.0,0.0,0.0,30.490019663307194,30.490019663307194,-1,,0.0,0.0,,-1,,0.0,0.0,,-1,,0.0,0.0,,-1,,0.0,0.0,,-1,,0.0,0.0,,ground_5_frame_0,empty,32.107235100960274,-21.59114954858036,,0.0,0.0,0.0,0.0,0.0,0.0,0.0,0.0,0.0,0.0,0.0,0.0,0.0,0.0,0.0,0,0,0,0.0,0.0954442467,0.002,0.0320608355104923,0.0,0.164859190583229,0.0,0.0,0.0,0.0,0.0,0.0,0.0,0.0,0.0,0.0,0.0,0.0,0.0,0.0,-1.065984504110283,0.0821467306621528,0.0315527760217691,-5.4742547935069865,0.062795774120147,0.0320608355104923,-0.0032171607017517,0.0,0.0,0.0,0.0,0.0,0.0,0.0,0.0,0.0,0.0,0.0,0.0,0.0,0.0,0.0,0.0
2025-07-16,05:13:54.730955,13639.961004257202,LoadPallet,False,autonomous,False,0.0,0.0,0.0,0.0,0.0,30.49087126647603,30.49087126647603,-1,,0.0,0.0,,-1,,0.0,0.0,,-1,,0.0,0.0,,-1,,0.0,0.0,,-1,,0.0,0.0,,ground_5_frame_0,empty,32.107235100960274,-21.59114954858036,,0.0,0.0,0.0,0.0,0.0,0.0,0.0,0.0,0.0,0.0,0.0,0.0,0.0,0.0,0.0,0,0,0,0.0,0.0934315467,0.002,0.0320608355104923,0.0,0.164859190583229,0.0,0.0,0.0,0.0,0.0,0.0,0.0,0.0,0.0,0.0,0.0,0.0,0.0,0.0,-1.0675422532144196,0.082971042900457,0.0295584298802315,-5.461384031712782,0.0627484689233563,0.0320608355104923,0.0028429627418518,0.0,0.0,0.0,0.0,0.0,0.0,0.0,0.0,0.0,0.0,0.0,0.0,0.0,0.0,0.0,0.0
2025-07-16,05:13:54.772919,13681.925296783447,LoadPallet,False,autonomous,False,0.0,0.0,0.0,0.0,0.0,30.489634433754777,30.489634433754777,-1,,0.0,0.0,,-1,,0.0,0.0,,-1,,0.0,0.0,,-1,,0.0,0.0,,-1,,0.0,0.0,,ground_5_frame_0,empty,32.107235100960274,-21.59114954858036,,0.0,0.0,0.0,0.0,0.0,0.0,0.0,0.0,0.0,0.0,0.0,0.0,0.0,0.0,0.0,0,0,0,0.0,0.0934315467,0.002,0.0320618823170661,0.0,0.1644596755504608,0.0,0.0,0.0,0.0,0.0,0.0,0.0,0.0,0.0,0.0,0.0,0.0,0.0,0.0,-1.0657652172298526,0.0815324663732628,0.0315297514153483,-5.499076618553545,0.0628073684117882,0.0320618823170661,5.960464477539064e-08,0.0,0.0,0.0,0.0,0.0,0.0,0.0,0.0,0.0,0.0,0.0,0.0,0.0,0.0,0.0,0.0
2025-07-16,05:13:54.812608,13721.614599227903,LoadPallet,False,autonomous,False,0.0,0.0,0.0,0.0,0.0,30.489634433014213,30.489634433014213,-1,,0.0,0.0,,-1,,0.0,0.0,,-1,,0.0,0.0,,-1,,0.0,0.0,,-1,,0.0,0.0,,ground_5_frame_0,empty,32.107235100960274,-21.59114954858036,,0.0,0.0,0.0,0.0,0.0,0.0,0.0,0.0,0.0,0.0,0.0,0.0,0.0,0.0,0.0,0,0,0,0.0,0.0954442467,0.002,0.0320156961679458,0.0,0.1640539169311523,0.0,0.0,0.0,0.0,0.0,0.0,0.0,0.0,0.0,0.0,0.0,0.0,0.0,0.0,-1.065828717236748,0.0814592331475232,0.0313881247720426,-5.5007587671001374,0.0628073681274735,0.0320156961679458,0.0049584507942199,0.0,0.0,0.0,0.0,0.0,0.0,0.0,0.0,0.0,0.0,0.0,0.0,0.0,0.0,0.0,0.0
2025-07-16,05:13:54.936776,13845.78251838684,LoadPallet,False,autonomous,False,0.0,0.0,0.0,0.0,0.0,30.48938269191596,30.48938269191596,-1,,0.0,0.0,,-1,,0.0,0.0,,-1,,0.0,0.0,,-1,,0.0,0.0,,-1,,0.0,0.0,,ground_5_frame_0,empty,32.107235100960274,-21.59114954858036,,0.0,0.0,0.0,0.0,0.0,0.0,0.0,0.0,0.0,0.0,0.0,0.0,0.0,0.0,0.0,0,0,0,0.0,0.1055077467,0.002,0.0320618823170661,0.0,0.1644596755504608,0.0,0.0,0.0,0.0,0.0,0.0,0.0,0.0,0.0,0.0,0.0,0.0,0.0,0.0,-1.065744906767527,0.0806000644263402,0.0294984861085872,-5.529844017294749,0.0627962692730778,0.0320618823170661,0.0027684569358825,0.0,0.0,0.0,0.0,0.0,0.0,0.0,0.0,0.0,0.0,0.0,0.0,0.0,0.0,0.0,0.0
2025-07-16,05:13:54.972709,13881.715774536133,LoadPallet,False,autonomous,False,0.0,0.0,0.0,0.0,0.0,30.48825480876417,30.48825480876417,-1,,0.0,0.0,,-1,,0.0,0.0,,-1,,0.0,0.0,,-1,,0.0,0.0,,-1,,0.0,0.0,,ground_5_frame_0,empty,32.107235100960274,-21.59114954858036,,0.0,0.0,0.0,0.0,0.0,0.0,0.0,0.0,0.0,0.0,0.0,0.0,0.0,0.0,0.0,0,0,0,0.0,0.1055077467,0.002,0.0320618823170661,0.0,0.1644596755504608,0.0,0.0,0.0,0.0,0.0,0.0,0.0,0.0,0.0,0.0,0.0,0.0,0.0,0.0,-1.0656740996010825,0.0805055275838917,0.0296384840418666,-5.532190641956163,0.0627962881684498,0.0320618823170661,0.0027684569358825,0.0,0.0,0.0,0.0,0.0,0.0,0.0,0.0,0.0,0.0,0.0,0.0,0.0,0.0,0.0,0.0
2025-07-16,05:13:55.010941,13919.946908950806,LoadPallet,False,autonomous,False,0.0,0.0,0.0,0.0,0.0,30.48825480876417,30.48825480876417,-1,,0.0,0.0,,-1,,0.0,0.0,,-1,,0.0,0.0,,-1,,0.0,0.0,,-1,,0.0,0.0,,ground_5_frame_0,empty,32.107235100960274,-21.59114954858036,,0.0,0.0,0.0,0.0,0.0,0.0,0.0,0.0,0.0,0.0,0.0,0.0,0.0,0.0,0.0,0,0,0,0.0,0.1055077467,0.002,0.0320608355104923,0.0,0.164859190583229,0.0,0.0,0.0,0.0,0.0,0.0,0.0,0.0,0.0,0.0,0.0,0.0,0.0,0.0,-1.0641096466513318,0.0795336291827712,0.0192725325782393,-5.557010650412678,0.0628016326644919,0.0320608355104923,-0.0001502633094787,0.0,0.0,0.0,0.0,0.0,0.0,0.0,0.0,0.0,0.0,0.0,0.0,0.0,0.0,0.0,0.0
2025-07-16,05:13:55.131957,14040.96293449402,LoadPallet,False,autonomous,False,0.0,0.0,0.0,0.0,0.0,30.48686873503978,30.48686873503978,-1,,0.0,0.0,,-1,,0.0,0.0,,-1,,0.0,0.0,,-1,,0.0,0.0,,-1,,0.0,0.0,,ground_5_frame_0,empty,32.107235100960274,-21.59114954858036,,0.0,0.0,0.0,0.0,0.0,0.0,0.0,0.0,0.0,0.0,0.0,0.0,0.0,0.0,0.0,0,0,0,0.0,0.1175839467,0.002,0.0320618823170661,0.0,0.1644596755504608,0.0,0.0,0.0,0.0,0.0,0.0,0.0,0.0,0.0,0.0,0.0,0.0,0.0,0.0,-1.0619869508864213,0.0789958594289768,0.0072689785945471,-5.572138064137107,0.0628206184258912,0.0320618823170661,0.0001502633094787,0.0,0.0,0.0,0.0,0.0,0.0,0.0,0.0,0.0,0.0,0.0,0.0,0.0,0.0,0.0,0.0
2025-07-16,05:13:55.210958,14119.964599609377,LoadPallet,False,autonomous,False,0.0,0.0,0.0,0.0,0.0,30.48639716795908,30.48639716795908,-1,,0.0,0.0,,-1,,0.0,0.0,,-1,,0.0,0.0,,-1,,0.0,0.0,,-1,,0.0,0.0,,ground_5_frame_0,empty,32.107235100960274,-21.59114954858036,,0.0,0.0,0.0,0.0,0.0,0.0,0.0,0.0,0.0,0.0,0.0,0.0,0.0,0.0,0.0,0,0,0,0.0,0.1316728467,0.002,0.0320702381432056,0.0,0.1648530811071396,0.0,0.0,0.0,0.0,0.0,0.0,0.0,0.0,0.0,0.0,0.0,0.0,0.0,0.0,-1.0618034745367595,0.0789798051355639,0.0011413875441639,-5.583979973401483,0.0629506194678711,0.0320702381432056,0.0004507899284362,0.0,0.0,0.0,0.0,0.0,0.0,0.0,0.0,0.0,0.0,0.0,0.0,0.0,0.0,0.0,0.0
2025-07-16,05:13:55.331793,14240.799188613892,LoadPallet,False,autonomous,False,0.0,0.0,0.0,0.0,0.0,30.486086269208677,30.486086269208677,-1,,0.0,0.0,,-1,,0.0,0.0,,-1,,0.0,0.0,,-1,,0.0,0.0,,-1,,0.0,0.0,,ground_5_frame_0,empty,32.107235100960274,-21.59114954858036,,0.0,0.0,0.0,0.0,0.0,0.0,0.0,0.0,0.0,0.0,0.0,0.0,0.0,0.0,0.0,0,0,0,0.0,0.1477744467,0.002,0.0323448553681373,0.0,0.1642519533634185,0.0,0.0,0.0,0.0,0.0,0.0,0.0,0.0,0.0,0.0,0.0,0.0,0.0,0.0,-1.0613631324309625,0.0786926117344126,-0.0064494554208542,-5.587852260332227,0.0629930973732787,0.0323448553681373,-0.0031394362449645,0.0,0.0,0.0,0.0,0.0,0.0,0.0,0.0,0.0,0.0,0.0,0.0,0.0,0.0,0.0,0.0
2025-07-16,05:13:55.412717,14321.723461151125,LoadPallet,False,autonomous,False,0.0,0.0,0.0,0.0,0.0,30.485678876701105,30.485678876701105,-1,,0.0,0.0,,-1,,0.0,0.0,,-1,,0.0,0.0,,-1,,0.0,0.0,,-1,,0.0,0.0,,ground_5_frame_0,empty,32.107235100960274,-21.59114954858036,,0.0,0.0,0.0,0.0,0.0,0.0,0.0,0.0,0.0,0.0,0.0,0.0,0.0,0.0,0.0,0,0,0,0.0,0.1558252467,0.002,0.0323519743978977,0.0,0.1650446653366089,0.0,0.0,0.0,0.0,0.0,0.0,0.0,0.0,0.0,0.0,0.0,0.0,0.0,0.0,-1.061123248140191,0.0787983189970198,-0.0231111998604331,-5.591525882715928,0.0630128154673365,0.0323519743978977,0.0001488924026489,0.0,0.0,0.0,0.0,0.0,0.0,0.0,0.0,0.0,0.0,0.0,0.0,0.0,0.0,0.0,0.0
2025-07-16,05:13:55.490931,14399.93691444397,LoadPallet,False,autonomous,False,0.0,0.0,0.0,0.0,0.0,30.48624307471511,30.48624307471511,-1,,0.0,0.0,,-1,,0.0,0.0,,-1,,0.0,0.0,,-1,,0.0,0.0,,-1,,0.0,0.0,,ground_5_frame_0,empty,32.107235100960274,-21.59114954858036,,0.0,0.0,0.0,0.0,0.0,0.0,0.0,0.0,0.0,0.0,0.0,0.0,0.0,0.0,0.0,0,0,0,0.0,0.1638760467,0.002,0.0323519743978977,0.0,0.1650446653366089,0.0,0.0,0.0,0.0,0.0,0.0,0.0,0.0,0.0,0.0,0.0,0.0,0.0,0.0,-1.0619773951839164,0.0783221531314275,-0.0308841617888699,-5.603924499438847,0.0630600973306364,0.0323519743978977,-0.0088443756103515,0.0,0.0,0.0,0.0,0.0,0.0,0.0,0.0,0.0,0.0,0.0,0.0,0.0,0.0,0.0,0.0
2025-07-16,05:13:55.570920,14479.926347732544,LoadPallet,False,autonomous,False,0.0,0.0,0.0,0.0,0.0,30.485648753646117,30.485648753646117,-1,,0.0,0.0,,-1,,0.0,0.0,,-1,,0.0,0.0,,-1,,0.0,0.0,,-1,,0.0,0.0,,ground_5_frame_0,empty,32.107235100960274,-21.59114954858036,,0.0,0.0,0.0,0.0,0.0,0.0,0.0,0.0,0.0,0.0,0.0,0.0,0.0,0.0,0.0,0,0,0,0.0,0.1799776467,0.002,0.0323437042534351,0.0,0.1646514236927032,0.0,0.0,0.0,0.0,0.0,0.0,0.0,0.0,0.0,0.0,0.0,0.0,0.0,0.0,-1.0612136327134678,0.0779779444898238,-0.0390000855611806,-5.616279707934382,0.0630496832618647,0.0323437042534351,0.0026939511299133,0.0,0.0,0.0,0.0,0.0,0.0,0.0,0.0,0.0,0.0,0.0,0.0,0.0,0.0,0.0,0.0
2025-07-16,05:13:55.611001,14520.006895065308,LoadPallet,False,autonomous,False,0.0,0.0,0.0,0.0,0.0,30.485648717391665,30.485648717391665,-1,,0.0,0.0,,-1,,0.0,0.0,,-1,,0.0,0.0,,-1,,0.0,0.0,,-1,,0.0,0.0,,ground_5_frame_0,empty,32.107235100960274,-21.59114954858036,,0.0,0.0,0.0,0.0,0.0,0.0,0.0,0.0,0.0,0.0,0.0,0.0,0.0,0.0,0.0,0,0,0,0.0,0.1799776467,0.002,0.0323519743978977,0.0,0.1650446653366089,0.0,0.0,0.0,0.0,0.0,0.0,0.0,0.0,0.0,0.0,0.0,0.0,0.0,0.0,-1.0614129118944362,0.078459043798162,-0.0551758089248843,-5.606349190488345,0.0631028912983263,0.0323519743978977,0.0002979040145874,0.0,0.0,0.0,0.0,0.0,0.0,0.0,0.0,0.0,0.0,0.0,0.0,0.0,0.0,0.0,0.0
2025-07-16,05:13:55.734204,14643.210411071776,LoadPallet,False,autonomous,False,0.0,0.0,0.0,0.0,0.0,30.48453951354954,30.48453951354954,-1,,0.0,0.0,,-1,,0.0,0.0,,-1,,0.0,0.0,,-1,,0.0,0.0,,-1,,0.0,0.0,,ground_5_frame_0,empty,32.107235100960274,-21.59114954858036,,0.0,0.0,0.0,0.0,0.0,0.0,0.0,0.0,0.0,0.0,0.0,0.0,0.0,0.0,0.0,0,0,0,0.0,0.1960792467,0.002,0.0326431989669799,0.0,0.1652302294969558,0.0,0.0,0.0,0.0,0.0,0.0,0.0,0.0,0.0,0.0,0.0,0.0,0.0,0.0,-1.0598979065381755,0.0781602667770293,-0.0631197664739653,-5.614643926253734,0.0630953754173278,0.0326431989669799,0.0030868649482727,0.0,0.0,0.0,0.0,0.0,0.0,0.0,0.0,0.0,0.0,0.0,0.0,0.0,0.0,0.0,0.0
2025-07-16,05:13:55.772489,14681.494951248167,LoadPallet,False,autonomous,False,0.0,0.0,0.0,0.0,0.0,30.484372840712314,30.484372840712314,-1,,0.0,0.0,,-1,,0.0,0.0,,-1,,0.0,0.0,,-1,,0.0,0.0,,-1,,0.0,0.0,,ground_5_frame_0,empty,32.107235100960274,-21.59114954858036,,0.0,0.0,0.0,0.0,0.0,0.0,0.0,0.0,0.0,0.0,0.0,0.0,0.0,0.0,0.0,0,0,0,0.0,0.2041300467,0.002,0.0323519743978977,0.0,0.1650446653366089,0.0,0.0,0.0,0.0,0.0,0.0,0.0,0.0,0.0,0.0,0.0,0.0,0.0,0.0,-1.059839205117143,0.0783553076095788,-0.0713281801572931,-5.612505780336505,0.0630953754173278,0.0323519743978977,-0.0030124187469482,0.0,0.0,0.0,0.0,0.0,0.0,0.0,0.0,0.0,0.0,0.0,0.0,0.0,0.0,0.0,0.0
2025-07-16,05:13:55.811754,14720.760107040403,LoadPallet,False,autonomous,False,0.0,0.0,0.0,0.0,0.0,30.484353846280747,30.484353846280747,-1,,0.0,0.0,,-1,,0.0,0.0,,-1,,0.0,0.0,,-1,,0.0,0.0,,-1,,0.0,0.0,,ground_5_frame_0,empty,32.107235100960274,-21.59114954858036,,0.0,0.0,0.0,0.0,0.0,0.0,0.0,0.0,0.0,0.0,0.0,0.0,0.0,0.0,0.0,0,0,0,0.0,0.2121808467,0.002,0.0323437042534351,0.0,0.1646514236927032,0.0,0.0,0.0,0.0,0.0,0.0,0.0,0.0,0.0,0.0,0.0,0.0,0.0,0.0,-1.0597720411520868,0.07852767279625,-0.0792314786445282,-5.609176875026662,0.0630284414480867,0.0323437042534351,-0.0004480481147766,0.0,0.0,0.0,0.0,0.0,0.0,0.0,0.0,0.0,0.0,0.0,0.0,0.0,0.0,0.0,0.0
2025-07-16,05:13:55.891761,14800.767660140991,LoadPallet,False,autonomous,False,0.0,0.0,0.0,0.0,0.0,30.48461622420777,30.48461622420777,-1,,0.0,0.0,,-1,,0.0,0.0,,-1,,0.0,0.0,,-1,,0.0,0.0,,-1,,0.0,0.0,,ground_5_frame_0,empty,32.107235100960274,-21.59114954858036,,0.0,0.0,0.0,0.0,0.0,0.0,0.0,0.0,0.0,0.0,0.0,0.0,0.0,0.0,0.0,0,0,0,0.0,0.2202316467,0.002,0.0323519743978977,0.0,0.1650446653366089,0.0,0.0,0.0,0.0,0.0,0.0,0.0,0.0,0.0,0.0,0.0,0.0,0.0,0.0,-1.0603069561566585,0.0785815977766262,-0.0874191997506001,-5.610152365424256,0.0630516822414651,0.0323519743978977,0.0027670860290527,0.0,0.0,0.0,0.0,0.0,0.0,0.0,0.0,0.0,0.0,0.0,0.0,0.0,0.0,0.0,0.0
2025-07-16,05:13:55.972751,14881.757020950316,LoadPallet,False,autonomous,False,0.0,0.0,0.0,0.0,0.0,30.48444370466377,30.48444370466377,-1,,0.0,0.0,,-1,,0.0,0.0,,-1,,0.0,0.0,,-1,,0.0,0.0,,-1,,0.0,0.0,,ground_5_frame_0,empty,32.107235100960274,-21.59114954858036,,0.0,0.0,0.0,0.0,0.0,0.0,0.0,0.0,0.0,0.0,0.0,0.0,0.0,0.0,0.0,0,0,0,0.0,0.2282824467,0.002,0.0320691540837287,0.0,0.1652525067329406,0.0,0.0,0.0,0.0,0.0,0.0,0.0,0.0,0.0,0.0,0.0,0.0,0.0,0.0,-1.0602275634571896,0.078468652261975,-0.0953512246479247,-5.613649524354571,0.0630079076783472,0.0320691540837287,-0.0028428435325622,0.0,0.0,0.0,0.0,0.0,0.0,0.0,0.0,0.0,0.0,0.0,0.0,0.0,0.0,0.0,0.0
2025-07-16,05:13:56.092636,15001.642227172852,LoadPallet,False,autonomous,False,0.0,0.0,0.0,0.0,0.0,30.48464474925792,30.48464474925792,-1,,0.0,0.0,,-1,,0.0,0.0,,-1,,0.0,0.0,,-1,,0.0,0.0,,-1,,0.0,0.0,,ground_5_frame_0,empty,32.107235100960274,-21.59114954858036,,0.0,0.0,0.0,0.0,0.0,0.0,0.0,0.0,0.0,0.0,0.0,0.0,0.0,0.0,0.0,0,0,0,0.0,0.2443840467,0.002,0.0323531068861484,0.0,0.1646452397108078,0.0,0.0,0.0,0.0,0.0,0.0,0.0,0.0,0.0,0.0,0.0,0.0,0.0,0.0,-1.060647434398021,0.0785725858486987,-0.1114619749531097,-5.613295512470586,0.0629450368404631,0.0323531068861484,0.005685806274414,0.0,0.0,0.0,0.0,0.0,0.0,0.0,0.0,0.0,0.0,0.0,0.0,0.0,0.0,0.0,0.0
2025-07-16,05:13:56.172974,15081.980228424072,LoadPallet,False,autonomous,False,0.0,0.0,0.0,0.0,0.0,30.4846386120851,30.4846386120851,-1,,0.0,0.0,,-1,,0.0,0.0,,-1,,0.0,0.0,,-1,,0.0,0.0,,-1,,0.0,0.0,,ground_5_frame_0,empty,32.107235100960274,-21.59114954858036,,0.0,0.0,0.0,0.0,0.0,0.0,0.0,0.0,0.0,0.0,0.0,0.0,0.0,0.0,0.0,0,0,0,0.0,0.2604856467,0.002,0.0323614329099655,0.0,0.165038526058197,0.0,0.0,0.0,0.0,0.0,0.0,0.0,0.0,0.0,0.0,0.0,0.0,0.0,0.0,-1.060898307208447,0.0783556260366964,-0.1276197816208367,-5.628691037795136,0.0629103814017626,0.0323614329099655,0.0035144090652465,0.0,0.0,0.0,0.0,0.0,0.0,0.0,0.0,0.0,0.0,0.0,0.0,0.0,0.0,0.0,0.0
2025-07-16,05:13:56.211041,15120.047569274902,LoadPallet,False,autonomous,False,0.0,0.0,0.0,0.0,0.0,30.48460222368333,30.48460222368333,-1,,0.0,0.0,,-1,,0.0,0.0,,-1,,0.0,0.0,,-1,,0.0,0.0,,-1,,0.0,0.0,,ground_5_frame_0,empty,32.107235100960274,-21.59114954858036,,0.0,0.0,0.0,0.0,0.0,0.0,0.0,0.0,0.0,0.0,0.0,0.0,0.0,0.0,0.0,0,0,0,0.0,0.2604856467,0.002,0.0320691540837287,0.0,0.1652525067329406,0.0,0.0,0.0,0.0,0.0,0.0,0.0,0.0,0.0,0.0,0.0,0.0,0.0,0.0,-1.0608896160866408,0.078770186141849,-0.1356198977386809,-5.612089801429875,0.0629103814017626,0.0320691540837287,-0.0031636357307434,0.0,0.0,0.0,0.0,0.0,0.0,0.0,0.0,0.0,0.0,0.0,0.0,0.0,0.0,0.0,0.0
2025-07-16,05:13:56.211041,15120.047569274902,LoadPallet,False,autonomous,False,0.0,0.0,0.0,0.0,0.0,30.48460222368333,30.48460222368333,-1,,0.0,0.0,,-1,,0.0,0.0,,-1,,0.0,0.0,,-1,,0.0,0.0,,-1,,0.0,0.0,,ground_5_frame_0,empty,32.107235100960274,-21.59114954858036,,0.0,0.0,0.0,0.0,0.0,0.0,0.0,0.0,0.0,0.0,0.0,0.0,0.0,0.0,0.0,0,0,0,0.0,0.2604856467,0.002,0.0320691540837287,0.0,0.1652525067329406,0.0,0.0,0.0,0.0,0.0,0.0,0.0,0.0,0.0,0.0,0.0,0.0,0.0,0.0,-1.0608896160866408,0.078770186141849,-0.1356198977386809,-5.612089801429875,0.0629103814017626,0.0320691540837287,-0.0031636357307434,0.0,0.0,0.0,0.0,0.0,0.0,0.0,0.0,0.0,0.0,0.0,0.0,0.0,0.0,0.0,0.0
2025-07-16,05:13:56.211041,15120.047569274902,LoadPallet,False,autonomous,False,0.0,0.0,0.0,0.0,0.0,30.48460222368333,30.48460222368333,-1,,0.0,0.0,,-1,,0.0,0.0,,-1,,0.0,0.0,,-1,,0.0,0.0,,-1,,0.0,0.0,,ground_5_frame_0,empty,32.107235100960274,-21.59114954858036,,0.0,0.0,0.0,0.0,0.0,0.0,0.0,0.0,0.0,0.0,0.0,0.0,0.0,0.0,0.0,0,0,0,0.0,0.2604856467,0.002,0.0320691540837287,0.0,0.1652525067329406,0.0,0.0,0.0,0.0,0.0,0.0,0.0,0.0,0.0,0.0,0.0,0.0,0.0,0.0,-1.0608896160866408,0.078770186141849,-0.1356198977386809,-5.612089801429875,0.0629103814017626,0.0320691540837287,-0.0031636357307434,0.0,0.0,0.0,0.0,0.0,0.0,0.0,0.0,0.0,0.0,0.0,0.0,0.0,0.0,0.0,0.0
2025-07-16,05:13:56.211041,15120.047569274902,LoadPallet,False,autonomous,False,0.0,0.0,0.0,0.0,0.0,30.48460222368333,30.48460222368333,-1,,0.0,0.0,,-1,,0.0,0.0,,-1,,0.0,0.0,,-1,,0.0,0.0,,-1,,0.0,0.0,,ground_5_frame_0,empty,32.107235100960274,-21.59114954858036,,0.0,0.0,0.0,0.0,0.0,0.0,0.0,0.0,0.0,0.0,0.0,0.0,0.0,0.0,0.0,0,0,0,0.0,0.2604856467,0.002,0.0320691540837287,0.0,0.1652525067329406,0.0,0.0,0.0,0.0,0.0,0.0,0.0,0.0,0.0,0.0,0.0,0.0,0.0,0.0,-1.0608896160866408,0.078770186141849,-0.1356198977386809,-5.612089801429875,0.0629103814017626,0.0320691540837287,-0.0031636357307434,0.0,0.0,0.0,0.0,0.0,0.0,0.0,0.0,0.0,0.0,0.0,0.0,0.0,0.0,0.0,0.0
2025-07-16,05:13:56.211041,15120.047569274902,LoadPallet,False,autonomous,False,0.0,0.0,0.0,0.0,0.0,30.48460222368333,30.48460222368333,-1,,0.0,0.0,,-1,,0.0,0.0,,-1,,0.0,0.0,,-1,,0.0,0.0,,-1,,0.0,0.0,,ground_5_frame_0,empty,32.107235100960274,-21.59114954858036,,0.0,0.0,0.0,0.0,0.0,0.0,0.0,0.0,0.0,0.0,0.0,0.0,0.0,0.0,0.0,0,0,0,0.0,0.2604856467,0.002,0.0320691540837287,0.0,0.1652525067329406,0.0,0.0,0.0,0.0,0.0,0.0,0.0,0.0,0.0,0.0,0.0,0.0,0.0,0.0,-1.0608826774345277,0.0788427778067131,-0.135620565046242,-5.6091936903033,0.062909125034894,0.0320691540837287,-0.0031636357307434,0.0,0.0,0.0,0.0,0.0,0.0,0.0,0.0,0.0,0.0,0.0,0.0,0.0,0.0,0.0,0.0
2025-07-16,05:13:56.211041,15120.047569274902,LoadPallet,False,autonomous,False,0.0,0.0,0.0,0.0,0.0,30.48460222368333,30.48460222368333,-1,,0.0,0.0,,-1,,0.0,0.0,,-1,,0.0,0.0,,-1,,0.0,0.0,,-1,,0.0,0.0,,ground_5_frame_0,empty,32.107235100960274,-21.59114954858036,,0.0,0.0,0.0,0.0,0.0,0.0,0.0,0.0,0.0,0.0,0.0,0.0,0.0,0.0,0.0,0,0,0,0.0,0.2604856467,0.002,0.0320691540837287,0.0,0.1652525067329406,0.0,0.0,0.0,0.0,0.0,0.0,0.0,0.0,0.0,0.0,0.0,0.0,0.0,0.0,-1.0608826774345277,0.0788427778067131,-0.135620565046242,-5.6091936903033,0.062909125034894,0.0320691540837287,-0.0031636357307434,0.0,0.0,0.0,0.0,0.0,0.0,0.0,0.0,0.0,0.0,0.0,0.0,0.0,0.0,0.0,0.0
2025-07-16,05:13:56.250981,15159.987688064575,LoadPallet,False,autonomous,False,0.0,0.0,0.0,0.0,0.0,30.48460222368333,30.48460222368333,-1,,0.0,0.0,,-1,,0.0,0.0,,-1,,0.0,0.0,,-1,,0.0,0.0,,-1,,0.0,0.0,,ground_5_frame_0,empty,32.107235100960274,-21.59114954858036,,0.0,0.0,0.0,0.0,0.0,0.0,0.0,0.0,0.0,0.0,0.0,0.0,0.0,0.0,0.0,0,0,0,0.0,0.2685364467,0.002,0.0323437042534351,0.0,0.1646514236927032,0.0,0.0,0.0,0.0,0.0,0.0,0.0,0.0,0.0,0.0,0.0,0.0,0.0,0.0,-1.0608826774345277,0.0788427778067131,-0.135620565046242,-5.6091936903033,0.062909125034894,0.0323437042534351,0.0025424361228942,0.0,0.0,0.0,0.0,0.0,0.0,0.0,0.0,0.0,0.0,0.0,0.0,0.0,0.0,0.0,0.0
2025-07-16,05:13:56.540358,15449.363946914673,LoadPallet,False,autonomous,False,0.0,0.0,0.0,0.0,0.0,30.483640095888685,30.483640095888685,-1,,0.0,0.0,,-1,,0.0,0.0,,-1,,0.0,0.0,,-1,,0.0,0.0,,-1,,0.0,0.0,,ground_5_frame_0,empty,32.107235100960274,-21.59114954858036,,0.0,0.0,0.0,0.0,0.0,0.0,0.0,0.0,0.0,0.0,0.0,0.0,0.0,0.0,0.0,0,0,0,0.0,0.3047650467,0.002,0.0323519743978977,0.0,0.1650446653366089,0.0,0.0,0.0,0.0,0.0,0.0,0.0,0.0,0.0,0.0,0.0,0.0,0.0,0.0,-1.0600888097142305,0.0795005744636103,-0.1736380118631467,-5.597796817289236,0.0627863640909785,0.0323519743978977,0.0059835910797119,0.0,0.0,0.0,0.0,0.0,0.0,0.0,0.0,0.0,0.0,0.0,0.0,0.0,0.0,0.0,0.0
2025-07-16,05:13:56.540358,15449.363946914673,LoadPallet,False,autonomous,False,0.0,0.0,0.0,0.0,0.0,30.483640095888685,30.483640095888685,-1,,0.0,0.0,,-1,,0.0,0.0,,-1,,0.0,0.0,,-1,,0.0,0.0,,-1,,0.0,0.0,,ground_5_frame_0,empty,32.107235100960274,-21.59114954858036,,0.0,0.0,0.0,0.0,0.0,0.0,0.0,0.0,0.0,0.0,0.0,0.0,0.0,0.0,0.0,0,0,0,0.0,0.3047650467,0.002,0.0323519743978977,0.0,0.1650446653366089,0.0,0.0,0.0,0.0,0.0,0.0,0.0,0.0,0.0,0.0,0.0,0.0,0.0,0.0,-1.0600888097142305,0.0795005744636103,-0.1736380118631467,-5.597796817289236,0.0627863640909785,0.0323519743978977,0.0059835910797119,0.0,0.0,0.0,0.0,0.0,0.0,0.0,0.0,0.0,0.0,0.0,0.0,0.0,0.0,0.0,0.0
2025-07-16,05:13:56.570919,15479.92491722107,LoadPallet,False,autonomous,False,0.0,0.0,0.0,0.0,0.0,30.48364008527235,30.48364008527235,-1,,0.0,0.0,,-1,,0.0,0.0,,-1,,0.0,0.0,,-1,,0.0,0.0,,-1,,0.0,0.0,,ground_5_frame_0,empty,32.107235100960274,-21.59114954858036,,0.0,0.0,0.0,0.0,0.0,0.0,0.0,0.0,0.0,0.0,0.0,0.0,0.0,0.0,0.0,0,0,0,0.0,0.3047650467,0.002,0.0323519743978977,0.0,0.1650446653366089,0.0,0.0,0.0,0.0,0.0,0.0,0.0,0.0,0.0,0.0,0.0,0.0,0.0,0.0,-1.0598115628488571,0.0795779485885077,-0.1737397035467546,-5.595547877808485,0.0626857056548989,0.0323519743978977,0.0059835910797119,0.0,0.0,0.0,0.0,0.0,0.0,0.0,0.0,0.0,0.0,0.0,0.0,0.0,0.0,0.0,0.0
2025-07-16,05:13:56.570919,15479.92491722107,LoadPallet,False,autonomous,False,0.0,0.0,0.0,0.0,0.0,30.48364008527235,30.48364008527235,-1,,0.0,0.0,,-1,,0.0,0.0,,-1,,0.0,0.0,,-1,,0.0,0.0,,-1,,0.0,0.0,,ground_5_frame_0,empty,32.107235100960274,-21.59114954858036,,0.0,0.0,0.0,0.0,0.0,0.0,0.0,0.0,0.0,0.0,0.0,0.0,0.0,0.0,0.0,0,0,0,0.0,0.3047650467,0.002,0.0323519743978977,0.0,0.1650446653366089,0.0,0.0,0.0,0.0,0.0,0.0,0.0,0.0,0.0,0.0,0.0,0.0,0.0,0.0,-1.0598115628488571,0.0795779485885077,-0.1737397035467546,-5.595547877808485,0.0626857056548989,0.0323519743978977,0.0059835910797119,0.0,0.0,0.0,0.0,0.0,0.0,0.0,0.0,0.0,0.0,0.0,0.0,0.0,0.0,0.0,0.0
2025-07-16,05:13:56.570919,15479.92491722107,LoadPallet,False,autonomous,False,0.0,0.0,0.0,0.0,0.0,30.48364008527235,30.48364008527235,-1,,0.0,0.0,,-1,,0.0,0.0,,-1,,0.0,0.0,,-1,,0.0,0.0,,-1,,0.0,0.0,,ground_5_frame_0,empty,32.107235100960274,-21.59114954858036,,0.0,0.0,0.0,0.0,0.0,0.0,0.0,0.0,0.0,0.0,0.0,0.0,0.0,0.0,0.0,0,0,0,0.0,0.3047650467,0.002,0.0323519743978977,0.0,0.1650446653366089,0.0,0.0,0.0,0.0,0.0,0.0,0.0,0.0,0.0,0.0,0.0,0.0,0.0,0.0,-1.0598115628488571,0.0795779485885077,-0.1737397035467546,-5.595547877808485,0.0626857056548989,0.0323519743978977,0.0059835910797119,0.0,0.0,0.0,0.0,0.0,0.0,0.0,0.0,0.0,0.0,0.0,0.0,0.0,0.0,0.0,0.0
2025-07-16,05:13:56.611248,15520.253896713257,LoadPallet,False,autonomous,False,0.0,0.0,0.0,0.0,0.0,30.48364008527235,30.48364008527235,-1,,0.0,0.0,,-1,,0.0,0.0,,-1,,0.0,0.0,,-1,,0.0,0.0,,-1,,0.0,0.0,,ground_5_frame_0,empty,32.107235100960274,-21.59114954858036,,0.0,0.0,0.0,0.0,0.0,0.0,0.0,0.0,0.0,0.0,0.0,0.0,0.0,0.0,0.0,0,0,0,0.0,0.3087904467,0.002,0.0320525430142879,0.0,0.1644657850265503,0.0,0.0,0.0,0.0,0.0,0.0,0.0,0.0,0.0,0.0,0.0,0.0,0.0,0.0,-1.0598115628488571,0.0795779485885077,-0.1737397035467546,-5.595547877808485,0.0626857056548989,0.0320525430142879,-0.0058334469795227,0.0,0.0,0.0,0.0,0.0,0.0,0.0,0.0,0.0,0.0,0.0,0.0,0.0,0.0,0.0,0.0
2025-07-16,05:13:56.651877,15560.883522033691,LoadPallet,False,autonomous,False,0.0,0.0,0.0,0.0,0.0,30.48361656191664,30.48361656191664,-1,,0.0,0.0,,-1,,0.0,0.0,,-1,,0.0,0.0,,-1,,0.0,0.0,,-1,,0.0,0.0,,ground_5_frame_0,empty,32.107235100960274,-21.59114954858036,,0.0,0.0,0.0,0.0,0.0,0.0,0.0,0.0,0.0,0.0,0.0,0.0,0.0,0.0,0.0,0,0,0,0.0,0.3128158467,0.002,0.0323603898286819,0.0,0.1654380559921264,0.0,0.0,0.0,0.0,0.0,0.0,0.0,0.0,0.0,0.0,0.0,0.0,0.0,0.0,-1.0598568726891455,0.0792131044421768,-0.1799063632676682,-5.607898679415541,0.0626857092711466,0.0323603898286819,0.0062828063964843,0.0,0.0,0.0,0.0,0.0,0.0,0.0,0.0,0.0,0.0,0.0,0.0,0.0,0.0,0.0,0.0
2025-07-16,05:13:56.732124,15641.130208969116,LoadPallet,False,autonomous,False,0.0,0.0,0.0,0.0,0.0,30.48350655534501,30.48350655534501,-1,,0.0,0.0,,-1,,0.0,0.0,,-1,,0.0,0.0,,-1,,0.0,0.0,,-1,,0.0,0.0,,ground_5_frame_0,empty,32.107235100960274,-21.59114954858036,,0.0,0.0,0.0,0.0,0.0,0.0,0.0,0.0,0.0,0.0,0.0,0.0,0.0,0.0,0.0,0,0,0,0.0,0.3168412467,0.002,0.0320691540837287,0.0,0.1652525067329406,0.0,0.0,0.0,0.0,0.0,0.0,0.0,0.0,0.0,0.0,0.0,0.0,0.0,0.0,-1.059979408613522,0.0791057529398173,-0.1841263047163404,-5.6191948593606185,0.0627083871952695,0.0320691540837287,0.0035930275917053,0.0,0.0,0.0,0.0,0.0,0.0,0.0,0.0,0.0,0.0,0.0,0.0,0.0,0.0,0.0,0.0
2025-07-16,05:13:56.772076,15681.082725524902,LoadPallet,False,autonomous,False,0.0,0.0,0.0,0.0,0.0,30.48439644890752,30.48439644890752,-1,,0.0,0.0,,-1,,0.0,0.0,,-1,,0.0,0.0,,-1,,0.0,0.0,,-1,,0.0,0.0,,ground_5_frame_0,empty,32.107235100960274,-21.59114954858036,,0.0,0.0,0.0,0.0,0.0,0.0,0.0,0.0,0.0,0.0,0.0,0.0,0.0,0.0,0.0,0,0,0,0.0,0.3168412467,0.002,0.0323437042534351,0.0,0.1646514236927032,0.0,0.0,0.0,0.0,0.0,0.0,0.0,0.0,0.0,0.0,0.0,0.0,0.0,0.0,-1.061293313582958,0.0789942687307192,-0.1920002876370237,-5.620707800295918,0.0627083871952689,0.0323437042534351,0.0052350163459777,0.0,0.0,0.0,0.0,0.0,0.0,0.0,0.0,0.0,0.0,0.0,0.0,0.0,0.0,0.0,0.0
2025-07-16,05:13:56.850979,15759.985446929932,LoadPallet,False,autonomous,False,0.0,0.0,0.0,0.0,0.0,30.48439640237661,30.48439640237661,-1,,0.0,0.0,,-1,,0.0,0.0,,-1,,0.0,0.0,,-1,,0.0,0.0,,-1,,0.0,0.0,,ground_5_frame_0,empty,32.107235100960274,-21.59114954858036,,0.0,0.0,0.0,0.0,0.0,0.0,0.0,0.0,0.0,0.0,0.0,0.0,0.0,0.0,0.0,0,0,0,0.0,0.3168412467,0.002,0.0323437042534351,0.0,0.1646514236927032,0.0,0.0,0.0,0.0,0.0,0.0,0.0,0.0,0.0,0.0,0.0,0.0,0.0,0.0,-1.0609996322180208,0.0793353812197192,-0.1921166423698129,-5.60762170774052,0.0627979539926043,0.0323437042534351,0.0002233982086181,0.0,0.0,0.0,0.0,0.0,0.0,0.0,0.0,0.0,0.0,0.0,0.0,0.0,0.0,0.0,0.0
2025-07-16,05:13:56.891006,15800.012826919556,LoadPallet,False,autonomous,False,0.0,0.0,0.0,0.0,0.0,30.48464780418819,30.48464780418819,-1,,0.0,0.0,,-1,,0.0,0.0,,-1,,0.0,0.0,,-1,,0.0,0.0,,-1,,0.0,0.0,,ground_5_frame_0,empty,32.107235100960274,-21.59114954858036,,0.0,0.0,0.0,0.0,0.0,0.0,0.0,0.0,0.0,0.0,0.0,0.0,0.0,0.0,0.0,0,0,0,0.0,0.3168412467,0.002,0.0320691540837287,0.0,0.1652525067329406,0.0,0.0,0.0,0.0,0.0,0.0,0.0,0.0,0.0,0.0,0.0,0.0,0.0,0.0,-1.0609961686517124,0.0793356485515062,-0.1921166522430364,-5.607647211393328,0.0627979640879298,0.0320691540837287,-0.0023189783096313,0.0,0.0,0.0,0.0,0.0,0.0,0.0,0.0,0.0,0.0,0.0,0.0,0.0,0.0,0.0,0.0
2025-07-16,05:13:56.891006,15800.012826919556,LoadPallet,False,autonomous,False,0.0,0.0,0.0,0.0,0.0,30.48464780418819,30.48464780418819,-1,,0.0,0.0,,-1,,0.0,0.0,,-1,,0.0,0.0,,-1,,0.0,0.0,,-1,,0.0,0.0,,ground_5_frame_0,empty,32.107235100960274,-21.59114954858036,,0.0,0.0,0.0,0.0,0.0,0.0,0.0,0.0,0.0,0.0,0.0,0.0,0.0,0.0,0.0,0,0,0,0.0,0.3168412467,0.002,0.0320691540837287,0.0,0.1652525067329406,0.0,0.0,0.0,0.0,0.0,0.0,0.0,0.0,0.0,0.0,0.0,0.0,0.0,0.0,-1.0613152248700928,0.0790218313127653,-0.1921321410733359,-5.614926131279844,0.062876908314644,0.0320691540837287,-0.0023189783096313,0.0,0.0,0.0,0.0,0.0,0.0,0.0,0.0,0.0,0.0,0.0,0.0,0.0,0.0,0.0,0.0
2025-07-16,05:13:56.891006,15800.012826919556,LoadPallet,False,autonomous,False,0.0,0.0,0.0,0.0,0.0,30.48464780418819,30.48464780418819,-1,,0.0,0.0,,-1,,0.0,0.0,,-1,,0.0,0.0,,-1,,0.0,0.0,,-1,,0.0,0.0,,ground_5_frame_0,empty,32.107235100960274,-21.59114954858036,,0.0,0.0,0.0,0.0,0.0,0.0,0.0,0.0,0.0,0.0,0.0,0.0,0.0,0.0,0.0,0,0,0,0.0,0.3168412467,0.002,0.0320691540837287,0.0,0.1652525067329406,0.0,0.0,0.0,0.0,0.0,0.0,0.0,0.0,0.0,0.0,0.0,0.0,0.0,0.0,-1.0613152248700928,0.0790218313127653,-0.1921321410733359,-5.614926131279844,0.062876908314644,0.0320691540837287,-0.0023189783096313,0.0,0.0,0.0,0.0,0.0,0.0,0.0,0.0,0.0,0.0,0.0,0.0,0.0,0.0,0.0,0.0
2025-07-16,05:13:56.933687,15842.69380569458,LoadPallet,False,autonomous,False,0.0,0.0,0.0,0.0,0.0,30.48464779890958,30.48464779890958,-1,,0.0,0.0,,-1,,0.0,0.0,,-1,,0.0,0.0,,-1,,0.0,0.0,,-1,,0.0,0.0,,ground_5_frame_0,empty,32.107235100960274,-21.59114954858036,,0.0,0.0,0.0,0.0,0.0,0.0,0.0,0.0,0.0,0.0,0.0,0.0,0.0,0.0,0.0,0,0,0,0.0,0.3168412467,0.002,0.0323519743978977,0.0,0.1650446653366089,0.0,0.0,0.0,0.0,0.0,0.0,0.0,0.0,0.0,0.0,0.0,0.0,0.0,0.0,-1.0613152248700928,0.0790218313127653,-0.1921321410733359,-5.614926131279844,0.062876908314644,0.0323519743978977,0.0086749792098999,0.0,0.0,0.0,0.0,0.0,0.0,0.0,0.0,0.0,0.0,0.0,0.0,0.0,0.0,0.0,0.0
2025-07-16,05:13:56.933687,15842.69380569458,LoadPallet,False,autonomous,False,0.0,0.0,0.0,0.0,0.0,30.48464779890958,30.48464779890958,-1,,0.0,0.0,,-1,,0.0,0.0,,-1,,0.0,0.0,,-1,,0.0,0.0,,-1,,0.0,0.0,,ground_5_frame_0,empty,32.107235100960274,-21.59114954858036,,0.0,0.0,0.0,0.0,0.0,0.0,0.0,0.0,0.0,0.0,0.0,0.0,0.0,0.0,0.0,0,0,0,0.0,0.3168412467,0.002,0.0323519743978977,0.0,0.1650446653366089,0.0,0.0,0.0,0.0,0.0,0.0,0.0,0.0,0.0,0.0,0.0,0.0,0.0,0.0,-1.0613152248700928,0.0790218313127653,-0.1921321410733359,-5.614926131279844,0.062876908314644,0.0323519743978977,0.0086749792098999,0.0,0.0,0.0,0.0,0.0,0.0,0.0,0.0,0.0,0.0,0.0,0.0,0.0,0.0,0.0,0.0
2025-07-16,05:13:56.933687,15842.69380569458,LoadPallet,False,autonomous,False,0.0,0.0,0.0,0.0,0.0,30.48464779890958,30.48464779890958,-1,,0.0,0.0,,-1,,0.0,0.0,,-1,,0.0,0.0,,-1,,0.0,0.0,,-1,,0.0,0.0,,ground_5_frame_0,empty,32.107235100960274,-21.59114954858036,,0.0,0.0,0.0,0.0,0.0,0.0,0.0,0.0,0.0,0.0,0.0,0.0,0.0,0.0,0.0,0,0,0,0.0,0.3168412467,0.002,0.0323519743978977,0.0,0.1650446653366089,0.0,0.0,0.0,0.0,0.0,0.0,0.0,0.0,0.0,0.0,0.0,0.0,0.0,0.0,-1.0613152248700928,0.0790218313127653,-0.1921321410733359,-5.614926131279844,0.062876908314644,0.0323519743978977,0.0086749792098999,0.0,0.0,0.0,0.0,0.0,0.0,0.0,0.0,0.0,0.0,0.0,0.0,0.0,0.0,0.0,0.0
2025-07-16,05:13:56.933687,15842.69380569458,LoadPallet,False,autonomous,False,0.0,0.0,0.0,0.0,0.0,30.48464779890958,30.48464779890958,-1,,0.0,0.0,,-1,,0.0,0.0,,-1,,0.0,0.0,,-1,,0.0,0.0,,-1,,0.0,0.0,,ground_5_frame_0,empty,32.107235100960274,-21.59114954858036,,0.0,0.0,0.0,0.0,0.0,0.0,0.0,0.0,0.0,0.0,0.0,0.0,0.0,0.0,0.0,0,0,0,0.0,0.3168412467,0.002,0.0323519743978977,0.0,0.1650446653366089,0.0,0.0,0.0,0.0,0.0,0.0,0.0,0.0,0.0,0.0,0.0,0.0,0.0,0.0,-1.0613152248700928,0.0790218313127653,-0.1921321410733359,-5.614926131279844,0.062876908314644,0.0323519743978977,0.0086749792098999,0.0,0.0,0.0,0.0,0.0,0.0,0.0,0.0,0.0,0.0,0.0,0.0,0.0,0.0,0.0,0.0
2025-07-16,05:13:56.933687,15842.69380569458,LoadPallet,False,autonomous,False,0.0,0.0,0.0,0.0,0.0,30.48464779890958,30.48464779890958,-1,,0.0,0.0,,-1,,0.0,0.0,,-1,,0.0,0.0,,-1,,0.0,0.0,,-1,,0.0,0.0,,ground_5_frame_0,empty,32.107235100960274,-21.59114954858036,,0.0,0.0,0.0,0.0,0.0,0.0,0.0,0.0,0.0,0.0,0.0,0.0,0.0,0.0,0.0,0,0,0,0.0,0.3168412467,0.002,0.0323519743978977,0.0,0.1650446653366089,0.0,0.0,0.0,0.0,0.0,0.0,0.0,0.0,0.0,0.0,0.0,0.0,0.0,0.0,-1.0613152248700928,0.0790218313127653,-0.1921321410733359,-5.614926131279844,0.062876908314644,0.0323519743978977,0.0086749792098999,0.0,0.0,0.0,0.0,0.0,0.0,0.0,0.0,0.0,0.0,0.0,0.0,0.0,0.0,0.0,0.0
2025-07-16,05:13:56.933687,15842.69380569458,LoadPallet,False,autonomous,False,0.0,0.0,0.0,0.0,0.0,30.48464779890958,30.48464779890958,-1,,0.0,0.0,,-1,,0.0,0.0,,-1,,0.0,0.0,,-1,,0.0,0.0,,-1,,0.0,0.0,,ground_5_frame_0,empty,32.107235100960274,-21.59114954858036,,0.0,0.0,0.0,0.0,0.0,0.0,0.0,0.0,0.0,0.0,0.0,0.0,0.0,0.0,0.0,0,0,0,0.0,0.3168412467,0.002,0.0323519743978977,0.0,0.1650446653366089,0.0,0.0,0.0,0.0,0.0,0.0,0.0,0.0,0.0,0.0,0.0,0.0,0.0,0.0,-1.061192617914891,0.0785721301227511,-0.1919297487481473,-5.6294817283404655,0.062876908314644,0.0323519743978977,0.0086749792098999,0.0,0.0,0.0,0.0,0.0,0.0,0.0,0.0,0.0,0.0,0.0,0.0,0.0,0.0,0.0,0.0
2025-07-16,05:13:56.971318,15880.324125289915,LoadPallet,False,autonomous,False,0.0,0.0,0.0,0.0,0.0,30.48464779890958,30.48464779890958,-1,,0.0,0.0,,-1,,0.0,0.0,,-1,,0.0,0.0,,-1,,0.0,0.0,,-1,,0.0,0.0,,ground_5_frame_0,empty,32.107235100960274,-21.59114954858036,,0.0,0.0,0.0,0.0,0.0,0.0,0.0,0.0,0.0,0.0,0.0,0.0,0.0,0.0,0.0,0,0,0,0.0,0.3168412467,0.002,0.0323519743978977,0.0,0.1650446653366089,0.0,0.0,0.0,0.0,0.0,0.0,0.0,0.0,0.0,0.0,0.0,0.0,0.0,0.0,-1.061192617914891,0.0785721301227511,-0.1919297487481473,-5.6294817283404655,0.062876908314644,0.0323519743978977,0.0,0.0,0.0,0.0,0.0,0.0,0.0,0.0,0.0,0.0,0.0,0.0,0.0,0.0,0.0,0.0,0.0
2025-07-16,05:13:56.971318,15880.324125289915,LoadPallet,False,autonomous,False,0.0,0.0,0.0,0.0,0.0,30.48464779890958,30.48464779890958,-1,,0.0,0.0,,-1,,0.0,0.0,,-1,,0.0,0.0,,-1,,0.0,0.0,,-1,,0.0,0.0,,ground_5_frame_0,empty,32.107235100960274,-21.59114954858036,,0.0,0.0,0.0,0.0,0.0,0.0,0.0,0.0,0.0,0.0,0.0,0.0,0.0,0.0,0.0,0,0,0,0.0,0.3168412467,0.002,0.0323519743978977,0.0,0.1650446653366089,0.0,0.0,0.0,0.0,0.0,0.0,0.0,0.0,0.0,0.0,0.0,0.0,0.0,0.0,-1.061192617914891,0.0785721301227511,-0.1919297487481473,-5.6294817283404655,0.062876908314644,0.0323519743978977,0.0,0.0,0.0,0.0,0.0,0.0,0.0,0.0,0.0,0.0,0.0,0.0,0.0,0.0,0.0,0.0,0.0
2025-07-16,05:13:56.971318,15880.324125289915,LoadPallet,False,autonomous,False,0.0,0.0,0.0,0.0,0.0,30.484760613411236,30.484760613411236,-1,,0.0,0.0,,-1,,0.0,0.0,,-1,,0.0,0.0,,-1,,0.0,0.0,,-1,,0.0,0.0,,ground_5_frame_0,empty,32.107235100960274,-21.59114954858036,,0.0,0.0,0.0,0.0,0.0,0.0,0.0,0.0,0.0,0.0,0.0,0.0,0.0,0.0,0.0,0,0,0,0.0,0.3168412467,0.002,0.0323519743978977,0.0,0.1650446653366089,0.0,0.0,0.0,0.0,0.0,0.0,0.0,0.0,0.0,0.0,0.0,0.0,0.0,0.0,-1.0614319015431946,0.0788960576400068,-0.1921049682931764,-5.616893668056662,0.0628769101748336,0.0323519743978977,0.0,0.0,0.0,0.0,0.0,0.0,0.0,0.0,0.0,0.0,0.0,0.0,0.0,0.0,0.0,0.0,0.0
2025-07-16,05:13:56.971318,15880.324125289915,LoadPallet,False,autonomous,False,0.0,0.0,0.0,0.0,0.0,30.484760613411236,30.484760613411236,-1,,0.0,0.0,,-1,,0.0,0.0,,-1,,0.0,0.0,,-1,,0.0,0.0,,-1,,0.0,0.0,,ground_5_frame_0,empty,32.107235100960274,-21.59114954858036,,0.0,0.0,0.0,0.0,0.0,0.0,0.0,0.0,0.0,0.0,0.0,0.0,0.0,0.0,0.0,0,0,0,0.0,0.3168412467,0.002,0.0323519743978977,0.0,0.1650446653366089,0.0,0.0,0.0,0.0,0.0,0.0,0.0,0.0,0.0,0.0,0.0,0.0,0.0,0.0,-1.0614319015431946,0.0788960576400068,-0.1921049682931764,-5.616893668056662,0.0628769101748336,0.0323519743978977,0.0,0.0,0.0,0.0,0.0,0.0,0.0,0.0,0.0,0.0,0.0,0.0,0.0,0.0,0.0,0.0,0.0
2025-07-16,05:13:56.971318,15880.324125289915,LoadPallet,False,autonomous,False,0.0,0.0,0.0,0.0,0.0,30.484760613411236,30.484760613411236,-1,,0.0,0.0,,-1,,0.0,0.0,,-1,,0.0,0.0,,-1,,0.0,0.0,,-1,,0.0,0.0,,ground_5_frame_0,empty,32.107235100960274,-21.59114954858036,,0.0,0.0,0.0,0.0,0.0,0.0,0.0,0.0,0.0,0.0,0.0,0.0,0.0,0.0,0.0,0,0,0,0.0,0.3168412467,0.002,0.0323519743978977,0.0,0.1650446653366089,0.0,0.0,0.0,0.0,0.0,0.0,0.0,0.0,0.0,0.0,0.0,0.0,0.0,0.0,-1.0614319015431946,0.0788960576400068,-0.1921049682931764,-5.616893668056662,0.0628769101748336,0.0323519743978977,0.0,0.0,0.0,0.0,0.0,0.0,0.0,0.0,0.0,0.0,0.0,0.0,0.0,0.0,0.0,0.0,0.0
